%% logfile from REGBOT:
%  1    time 0.091 sec, from Mathilde (17)
%  2  3  4  5   (mission 0), state 2, entered (thread 1, line 0), events 0x0 (bit-flags)
%  6  7 Motor velocity ref left, right: -0.1788 -0.1788
%  8  9 Motor voltage [V] left, right: -2.19 -2.04
% 10 11 Wheel velocity [m/s] left, right: -0.1633 -0.2035
% 12 13 14 15 Pose x,y,h,tilt [m,m,rad,rad]: -0.0148072 2.27663e-05 0.00270454 0.00369697
% 16    Battery voltage [V]
%  1    time 0.006 sec, from Mathilde (17)
%  2  3  4  5   (mission 0), state 2, entered (thread 1, line 0), events 0x0 (bit-flags)
%  6  7 Motor velocity ref left, right: -0.2095 -0.2095
%  8  9 Motor voltage [V] left, right: -3.50 -3.52
% 10 11 Wheel velocity [m/s] left, right: -0.0032 0.0000
% 12 13 14 15 Pose x,y,h,tilt [m,m,rad,rad]: -0.00020284 -2.74295e-07 0.00270454 -0.116159
% 16    Battery voltage [V]
0.091 2 1 0 0x0 -0.1788 -0.1788 -2.19 -2.04 -0.1633 -0.2035 -0.0148 0.0000 0.002705 0.003697 11.41 
0.191 2 1 0 0x0 0.0382 0.0382 -0.49 -1.19 -0.0163 -0.0097 -0.0215 -0.0000 0.016227 0.047513 11.46 
0.291 2 1 0 0x0 0.1282 0.1282 0.86 0.16 0.1211 0.1358 -0.0152 0.0001 0.013523 -0.001654 11.47 
0.391 2 1 0 0x0 -0.0680 -0.0680 -1.16 -1.18 -0.0151 -0.0266 -0.0122 0.0001 0.005409 -0.043124 11.46 
0.491 2 1 0 0x0 -0.0430 -0.0430 -0.44 -0.53 -0.0700 -0.0557 -0.0193 0.0001 0.002705 0.015007 11.48 
0.591 2 1 0 0x0 0.0548 0.0548 0.81 0.97 -0.0042 0.0131 -0.0203 0.0001 -0.005409 0.020532 11.48 
0.691 2 1 0 0x0 0.0102 0.0102 0.24 0.47 0.0210 0.0272 -0.0170 0.0001 -0.000000 -0.014059 11.47 
0.791 2 1 0 0x0 -0.0670 -0.0670 -0.83 -1.65 -0.0317 -0.0045 -0.0176 0.0001 0.002705 -0.015030 11.46 
0.891 2 1 0 0x0 -0.0292 -0.0292 -0.95 -0.56 -0.0235 -0.0413 -0.0221 0.0001 -0.008114 0.010612 11.48 
0.991 2 1 0 0x0 0.0310 0.0310 0.38 0.36 -0.0066 -0.0047 -0.0229 0.0001 -0.002705 0.010869 11.48 
1.091 2 1 0 0x0 0.0314 0.0314 0.46 0.27 0.0348 0.0443 -0.0203 0.0001 -0.000000 -0.006813 11.48 
1.191 2 1 0 0x0 -0.0566 -0.0566 -1.05 -1.06 -0.0053 -0.0046 -0.0201 0.0001 -0.002705 -0.017758 11.48 
1.291 2 1 0 0x0 -0.0215 -0.0215 -0.72 -0.36 -0.0190 -0.0260 -0.0241 0.0001 -0.008114 0.014362 11.48 
1.391 2 1 0 0x0 0.0217 0.0217 0.21 -0.23 -0.0082 0.0180 -0.0252 0.0001 -0.000000 0.010826 11.48 
1.491 2 1 0 0x0 0.0464 0.0464 0.79 0.80 0.0235 0.0144 -0.0233 0.0001 -0.008114 -0.001166 11.49 
1.591 2 1 0 0x0 -0.0534 -0.0534 -0.70 -0.99 0.0051 0.0216 -0.0219 0.0001 -0.000000 -0.021940 11.48 
1.691 2 1 0 0x0 -0.0451 -0.0451 -0.54 -0.46 -0.0680 -0.0845 -0.0266 0.0001 -0.002705 0.008411 11.48 
1.791 2 1 0 0x0 0.0183 0.0183 0.34 0.01 -0.0192 -0.0049 -0.0280 0.0001 -0.000000 0.013508 11.49 
1.891 2 1 0 0x0 0.0280 0.0280 0.56 0.72 0.0256 0.0224 -0.0264 0.0001 -0.005409 -0.003487 11.49 
1.991 2 1 0 0x0 -0.0711 -0.0711 -0.96 -1.29 -0.0463 -0.0053 -0.0266 0.0001 0.002705 -0.021369 11.47 
2.091 2 1 0 0x0 -0.0510 -0.0510 -0.71 -0.72 -0.0603 -0.0563 -0.0323 0.0001 -0.002705 0.010670 11.48 
2.191 2 1 0 0x0 -0.0102 -0.0102 -0.50 -0.60 -0.0165 -0.0076 -0.0343 0.0001 -0.002705 0.008852 11.49 
2.291 2 1 0 0x0 -0.0185 -0.0185 -0.89 -0.99 -0.0048 -0.0026 -0.0345 0.0001 -0.000000 -0.003528 11.48 
2.391 2 1 0 0x0 -0.0171 -0.0171 -0.79 -0.80 -0.0100 -0.0174 -0.0363 0.0001 -0.002705 -0.000735 11.48 
2.491 2 1 0 0x0 -0.0180 -0.0180 -1.33 -0.76 -0.0108 -0.0219 -0.0377 0.0001 -0.010818 0.000433 11.47 
2.591 2 1 0 0x0 0.0079 0.0079 -0.31 -0.20 -0.0123 -0.0072 -0.0389 0.0001 -0.005409 0.003642 11.49 
2.691 2 1 0 0x0 0.0260 0.0260 0.48 0.57 -0.0031 0.0027 -0.0387 0.0001 -0.002705 0.001240 11.49 
2.791 2 1 0 0x0 0.0239 0.0239 0.68 0.68 0.0088 0.0057 -0.0373 0.0001 -0.000000 -0.003384 11.48 
2.891 2 1 0 0x0 -0.0189 -0.0189 -0.30 0.14 0.0078 -0.0088 -0.0367 0.0001 -0.008114 -0.007019 11.49 
2.991 2 1 0 0x0 -0.0455 -0.0455 -1.17 -0.94 -0.0168 -0.0129 -0.0379 0.0001 -0.002705 -0.000707 11.48 
3.091 2 1 0 0x0 0.0512 0.0512 0.50 0.79 0.0226 -0.0084 -0.0391 0.0001 -0.002705 0.018574 11.48 
3.191 2 1 0 0x0 0.0432 0.0432 0.51 0.14 0.0679 0.0676 -0.0337 0.0002 0.005409 -0.014413 11.47 
3.291 2 1 0 0x0 -0.0094 -0.0094 0.67 -0.36 -0.0156 0.0125 -0.0316 0.0002 0.010818 -0.012475 11.49 
3.391 2 1 0 0x0 -0.0284 -0.0284 -0.33 -0.95 -0.0051 -0.0214 -0.0323 0.0002 0.002705 0.001787 11.48 
3.491 2 1 0 0x0 0.0431 0.0431 0.85 0.71 -0.0023 0.0141 -0.0329 0.0002 -0.005409 0.015287 11.48 
3.591 2 1 0 0x0 0.0486 0.0486 0.80 0.56 0.0622 0.0383 -0.0284 0.0001 -0.010818 -0.006031 11.49 
3.691 2 1 0 0x0 -0.0358 -0.0358 0.15 -0.60 -0.0220 0.0053 -0.0270 0.0001 -0.013523 -0.016844 11.49 
3.791 2 1 0 0x0 -0.0393 -0.0393 -0.86 -0.56 -0.0364 -0.0485 -0.0300 0.0002 -0.027045 0.007746 11.48 
3.891 2 1 0 0x0 0.0300 0.0300 0.49 0.57 -0.0072 -0.0099 -0.0316 0.0002 -0.027045 0.014439 11.49 
3.991 2 1 0 0x0 0.0143 0.0143 0.02 0.40 0.0524 0.0141 -0.0284 0.0001 -0.032454 -0.011069 11.48 
4.091 2 1 0 0x0 -0.0619 -0.0619 -0.89 -1.45 -0.0318 -0.0054 -0.0286 0.0001 -0.024341 -0.016688 11.46 
4.191 2 1 0 0x0 -0.0303 -0.0303 -0.97 -0.89 -0.0136 -0.0147 -0.0327 0.0003 -0.035159 0.012286 11.48 
4.291 2 1 0 0x0 0.0036 0.0036 -0.18 -0.26 -0.0170 -0.0050 -0.0343 0.0003 -0.029750 0.007474 11.49 
4.391 2 1 0 0x0 0.0175 0.0175 0.42 0.36 -0.0034 -0.0022 -0.0343 0.0003 -0.029750 -0.000144 11.49 
4.491 2 1 0 0x0 -0.0024 -0.0024 0.54 0.46 -0.0019 -0.0014 -0.0343 0.0003 -0.029750 -0.006741 11.49 
4.591 2 1 0 0x0 -0.0673 -0.0673 -1.43 -1.52 -0.0013 -0.0011 -0.0347 0.0003 -0.029750 -0.011247 11.47 
4.691 2 1 0 0x0 -0.0026 -0.0026 -0.27 -0.21 -0.0193 -0.0177 -0.0381 0.0004 -0.032454 0.015403 11.49 
4.791 2 1 0 0x0 0.0601 0.0601 0.96 0.93 0.0553 0.0413 -0.0373 0.0004 -0.032454 0.010492 11.47 
4.891 2 1 0 0x0 -0.0296 -0.0296 -0.36 -0.48 -0.0193 0.0108 -0.0351 0.0003 -0.029750 -0.019482 11.49 
4.991 2 1 0 0x0 -0.0438 -0.0438 -0.62 -0.53 -0.0529 -0.0493 -0.0385 0.0005 -0.032454 0.003515 11.48 
5.091 2 1 0 0x0 -0.0073 -0.0073 -0.73 -0.18 -0.0077 -0.0162 -0.0408 0.0005 -0.045977 0.009760 11.48 
5.191 2 1 0 0x0 0.0224 0.0224 -0.01 0.47 -0.0027 -0.0032 -0.0408 0.0005 -0.045977 0.003652 11.49 
5.291 2 1 0 0x0 0.0251 0.0251 0.38 0.72 0.0102 0.0210 -0.0391 0.0005 -0.040568 -0.005017 11.48 
5.391 2 1 0 0x0 -0.0625 -0.0625 -1.27 -1.02 -0.0030 -0.0503 -0.0391 0.0005 -0.035159 -0.016706 11.47 
5.491 2 1 0 0x0 -0.0329 -0.0329 -0.70 -0.73 -0.0395 -0.0179 -0.0430 0.0006 -0.032454 0.011079 11.49 
5.591 2 1 0 0x0 0.0438 0.0438 0.74 0.88 -0.0074 -0.0049 -0.0442 0.0006 -0.032454 0.014361 11.49 
5.691 2 1 0 0x0 0.0033 0.0033 0.02 -0.14 0.0125 0.0180 -0.0410 0.0005 -0.027045 -0.014423 11.49 
5.791 2 1 0 0x0 -0.0635 -0.0635 -1.81 -1.01 -0.0416 -0.0660 -0.0426 0.0006 -0.032454 -0.010340 11.46 
5.891 2 1 0 0x0 -0.0187 -0.0187 -0.47 -0.69 -0.0398 -0.0193 -0.0460 0.0007 -0.029750 0.008309 11.48 
5.991 2 1 0 0x0 -0.0123 -0.0123 -0.66 -0.53 -0.0079 -0.0059 -0.0468 0.0007 -0.029750 0.000738 11.48 
6.091 2 1 0 0x0 -0.0424 -0.0424 -1.40 -1.60 -0.0111 -0.0027 -0.0477 0.0007 -0.024341 -0.006667 11.46 
6.191 2 1 0 0x0 -0.0130 -0.0130 -0.60 -0.57 -0.0158 -0.0131 -0.0509 0.0008 -0.029750 0.005126 11.49 
6.291 2 1 0 0x0 -0.0351 -0.0351 -1.63 -1.08 -0.0144 -0.0408 -0.0523 0.0009 -0.037864 -0.004072 11.46 
6.391 2 1 0 0x0 -0.0355 -0.0355 -1.29 -0.99 -0.0087 -0.0089 -0.0550 0.0010 -0.035159 -0.002645 11.46 
6.491 2 1 0 0x0 -0.0305 -0.0305 -0.87 -0.83 -0.0198 -0.0116 -0.0580 0.0011 -0.032454 0.001472 11.48 
6.591 2 1 0 0x0 -0.0187 -0.0187 -0.49 -0.33 -0.0397 -0.0275 -0.0612 0.0012 -0.032454 0.005964 11.48 
6.691 2 1 0 0x0 -0.0202 -0.0202 -0.44 -0.47 -0.0566 -0.0187 -0.0641 0.0013 -0.027045 0.003692 11.48 
6.791 2 1 0 0x0 -0.0403 -0.0403 -0.65 -0.69 -0.0521 -0.0770 -0.0677 0.0014 -0.027045 0.001217 11.47 
6.891 2 1 0 0x0 -0.0518 -0.0518 -1.12 -0.27 -0.0605 -0.0483 -0.0716 0.0015 -0.029750 0.000530 11.47 
6.991 2 1 0 0x0 -0.0626 -0.0626 -1.20 -1.17 -0.0593 -0.0223 -0.0760 0.0016 -0.024341 -0.000963 11.47 
7.091 2 1 0 0x0 -0.0574 -0.0574 -0.95 -0.43 -0.0613 -0.0933 -0.0819 0.0017 -0.021636 0.002056 11.47 
7.191 2 1 0 0x0 -0.0683 -0.0683 -1.32 -1.10 -0.0392 -0.0414 -0.0870 0.0018 -0.018932 -0.001570 11.47 
7.291 2 1 0 0x0 -0.0694 -0.0694 -1.14 -0.94 -0.0598 -0.0639 -0.0937 0.0019 -0.016227 0.001338 11.47 
7.391 2 1 0 0x0 -0.0763 -0.0763 -0.90 -1.24 -0.0938 -0.0591 -0.1004 0.0020 -0.013523 0.000035 11.47 
7.491 2 1 0 0x0 -0.0786 -0.0786 -1.07 -1.04 -0.0488 -0.0894 -0.1083 0.0021 -0.010818 0.001906 11.46 
7.591 2 1 0 0x0 -0.0841 -0.0841 -0.77 -1.09 -0.0954 -0.0800 -0.1162 0.0022 -0.013523 0.001193 11.47 
7.691 2 1 0 0x0 -0.0866 -0.0866 -0.82 -1.07 -0.0599 -0.0907 -0.1249 0.0024 -0.016227 0.001975 11.47 
7.791 2 1 0 0x0 -0.1047 -0.1047 -0.06 -1.26 -0.1915 -0.0873 -0.1345 0.0026 -0.018932 0.001336 11.46 
7.891 2 1 0 0x0 -0.1112 -0.1112 -1.11 -1.15 -0.1864 -0.0958 -0.1442 0.0028 -0.029750 0.002323 11.46 
7.991 2 1 0 0x0 -0.1077 -0.1077 -1.02 -1.08 -0.0788 -0.1060 -0.1553 0.0031 -0.027045 0.002536 11.46 
8.091 2 1 0 0x0 -0.1126 -0.1126 -1.68 -1.03 -0.0369 -0.1295 -0.1661 0.0034 -0.035159 0.002086 11.47 
8.191 2 1 0 0x0 -0.1190 -0.1190 -2.02 -0.96 -0.0658 -0.1190 -0.1774 0.0039 -0.040568 0.002319 11.44 
8.291 2 1 0 0x0 -0.1165 -0.1165 -1.24 -0.87 -0.0875 -0.1156 -0.1896 0.0044 -0.040568 0.003536 11.47 
8.391 2 1 0 0x0 -0.1204 -0.1204 -0.54 -1.25 -0.2369 -0.1139 -0.2013 0.0048 -0.040568 0.004058 11.46 
8.491 2 1 0 0x0 -0.1154 -0.1154 -0.92 -0.76 -0.1085 -0.1292 -0.2127 0.0053 -0.045977 0.001257 11.47 
8.591 2 1 0 0x0 -0.1221 -0.1221 -0.70 -1.23 -0.1875 -0.1223 -0.2245 0.0059 -0.040568 0.003330 11.46 
8.691 2 1 0 0x0 -0.1196 -0.1196 -1.09 -0.83 -0.1709 -0.1018 -0.2364 0.0064 -0.043273 0.004054 11.46 
8.791 2 1 0 0x0 -0.1197 -0.1197 -1.05 -1.08 -0.0665 -0.1109 -0.2482 0.0069 -0.048682 0.002975 11.47 
8.891 2 1 0 0x0 -0.1334 -0.1334 -0.80 -1.41 -0.1801 -0.1379 -0.2611 0.0076 -0.048682 0.003747 11.46 
8.991 2 1 0 0x0 -0.1303 -0.1303 -0.79 -0.73 -0.1129 -0.1630 -0.2741 0.0082 -0.048682 0.004535 11.47 
9.091 2 1 0 0x0 -0.1370 -0.1370 -1.06 -1.13 -0.1386 -0.1368 -0.2875 0.0088 -0.048682 0.003945 11.46 
9.191 2 1 0 0x0 -0.1371 -0.1371 -1.25 -1.29 -0.1020 -0.1351 -0.3010 0.0095 -0.045977 0.005457 11.46 
9.291 2 1 0 0x0 -0.1401 -0.1401 -0.96 -1.23 -0.1600 -0.1404 -0.3152 0.0101 -0.045977 0.005047 11.46 
9.391 2 1 0 0x0 -0.1453 -0.1453 -1.15 -1.23 -0.1242 -0.1399 -0.3294 0.0108 -0.045977 0.004112 11.46 
9.491 2 1 0 0x0 -0.1497 -0.1497 -0.96 -1.43 -0.1494 -0.1555 -0.3442 0.0115 -0.043273 0.006520 11.46 
9.591 2 1 0 0x0 -0.1417 -0.1417 -1.50 -0.88 -0.1192 -0.1405 -0.3588 0.0122 -0.054091 0.006971 11.45 
9.691 2 1 0 0x0 -0.1397 -0.1397 -1.50 -1.10 -0.0905 -0.1237 -0.3730 0.0129 -0.054091 0.007033 11.46 
9.791 2 1 0 0x0 -0.1394 -0.1394 -1.03 -1.23 -0.1562 -0.1456 -0.3869 0.0137 -0.051386 0.006466 11.45 
9.891 2 1 0 0x0 -0.1347 -0.1347 -0.58 -0.85 -0.1677 -0.1444 -0.4009 0.0144 -0.054091 0.005910 11.46 
9.991 2 1 0 0x0 -0.1298 -0.1298 -1.28 -0.79 -0.1056 -0.1164 -0.4143 0.0151 -0.054091 0.007274 11.47 
10.091 2 1 1 0x0 -0.1327 -0.1327 -1.34 -0.83 -0.1076 -0.1402 -0.4277 0.0158 -0.054091 0.007298 11.46 
10.191 2 1 1 0x0 -0.1307 -0.1307 -1.83 -1.11 -0.0986 -0.1304 -0.4408 0.0166 -0.056795 0.009370 11.46 
10.292 2 1 1 0x0 -0.1310 -0.1310 -1.26 -1.20 -0.0996 -0.1149 -0.4540 0.0173 -0.054091 0.008786 11.45 
10.392 2 1 1 0x0 -0.1348 -0.1348 -1.31 -1.00 -0.1515 -0.1239 -0.4671 0.0180 -0.056795 0.009131 11.46 
10.492 2 1 1 0x0 -0.1306 -0.1306 -0.92 -1.62 -0.1185 -0.1147 -0.4801 0.0187 -0.051386 0.010387 11.45 
10.592 2 1 1 0x0 -0.1330 -0.1330 -1.17 -1.06 -0.1501 -0.1532 -0.4931 0.0194 -0.051386 0.011732 11.46 
10.692 2 1 1 0x0 -0.1258 -0.1258 -1.04 -1.06 -0.1083 -0.1085 -0.5056 0.0200 -0.051386 0.010928 11.46 
10.792 2 1 1 0x0 -0.1204 -0.1204 -0.88 -1.36 -0.0918 -0.0914 -0.5184 0.0207 -0.048682 0.013636 11.46 
10.892 2 1 1 0x0 -0.1178 -0.1178 -1.09 -0.98 -0.0816 -0.1432 -0.5308 0.0213 -0.051386 0.014084 11.47 
10.992 2 1 1 0x0 -0.1119 -0.1119 -0.84 -0.68 -0.0954 -0.1199 -0.5429 0.0220 -0.056795 0.013751 11.46 
11.092 2 1 1 0x0 -0.1050 -0.1050 -1.64 -1.23 -0.0343 -0.0847 -0.5538 0.0226 -0.062204 0.016139 11.45 
11.192 2 1 1 0x0 -0.1134 -0.1134 -1.58 -0.99 -0.1169 -0.1061 -0.5648 0.0233 -0.062204 0.012501 11.44 
11.292 2 1 1 0x0 -0.1059 -0.1059 -0.58 -0.93 -0.1994 -0.0909 -0.5757 0.0240 -0.062204 0.015422 11.47 
11.392 2 1 1 0x0 -0.1112 -0.1112 -0.35 -1.24 -0.2084 -0.1112 -0.5854 0.0246 -0.067613 0.013120 11.46 
11.492 2 1 1 0x0 -0.0862 -0.0862 -0.59 -1.41 -0.1542 -0.0387 -0.5941 0.0252 -0.070318 0.018657 11.45 
11.592 2 1 1 0x0 -0.0835 -0.0835 -1.27 -0.42 -0.1266 -0.1105 -0.6026 0.0259 -0.075727 0.015611 11.46 
11.692 2 1 1 0x0 -0.0689 -0.0689 -0.82 -0.57 -0.1117 -0.0457 -0.6099 0.0264 -0.075727 0.017507 11.46 
11.792 2 1 1 0x0 -0.0677 -0.0677 -1.10 -0.81 -0.0509 -0.0295 -0.6162 0.0269 -0.078432 0.016055 11.47 
11.892 2 1 1 0x0 -0.0632 -0.0632 -1.05 -0.96 -0.0478 -0.0323 -0.6226 0.0274 -0.073023 0.019094 11.46 
11.992 2 1 1 0x0 -0.0541 -0.0541 -0.95 -0.66 -0.0544 -0.0276 -0.6283 0.0278 -0.073023 0.018414 11.47 
12.092 2 1 1 0x0 -0.0388 -0.0388 -0.80 -0.84 -0.0369 -0.0147 -0.6330 0.0282 -0.064909 0.021523 11.47 
12.192 2 1 1 0x0 -0.0429 -0.0429 -0.72 -0.71 -0.0656 -0.0437 -0.6374 0.0285 -0.064909 0.017804 11.47 
12.292 2 1 1 0x0 -0.0420 -0.0420 -1.01 -0.99 -0.0296 -0.0260 -0.6411 0.0287 -0.064909 0.018394 11.47 
12.392 2 1 1 0x0 -0.0290 -0.0290 -0.91 -0.76 -0.0171 -0.0213 -0.6441 0.0289 -0.062204 0.020423 11.46 
12.492 2 1 1 0x0 -0.0062 -0.0062 -0.96 -0.48 -0.0187 -0.0108 -0.6455 0.0290 -0.070318 0.022708 11.47 
12.592 2 1 1 0x0 0.0130 0.0130 -0.10 0.03 -0.0071 -0.0046 -0.6463 0.0290 -0.064909 0.021965 11.48 
12.692 2 1 1 0x0 0.0352 0.0352 1.01 0.94 -0.0026 0.0098 -0.6459 0.0290 -0.059500 0.021782 11.46 
12.793 2 1 1 0x0 0.0079 0.0079 0.28 0.35 0.0159 0.0336 -0.6437 0.0289 -0.062204 0.012287 11.47 
12.893 2 1 1 0x0 0.0205 0.0205 0.80 0.80 0.0032 0.0065 -0.6433 0.0288 -0.056795 0.024350 11.47 
12.993 2 1 1 0x0 0.0230 0.0230 0.35 0.46 0.0500 0.0501 -0.6400 0.0287 -0.056795 0.019678 11.48 
13.093 2 1 1 0x0 0.0271 0.0271 0.33 0.29 0.0662 0.0556 -0.6362 0.0285 -0.054091 0.017779 11.48 
13.193 2 1 1 0x0 0.0519 0.0519 1.29 0.87 0.0175 0.0270 -0.6327 0.0283 -0.051386 0.022887 11.46 
13.293 2 1 1 0x0 0.0620 0.0620 0.68 0.91 0.0494 0.0440 -0.6267 0.0279 -0.051386 0.023951 11.48 
13.393 2 1 1 0x0 0.0677 0.0677 0.85 1.04 0.0366 0.0685 -0.6204 0.0276 -0.054091 0.022070 11.47 
13.493 2 1 1 0x0 0.0748 0.0748 0.58 1.00 0.0999 0.0744 -0.6131 0.0272 -0.054091 0.023396 11.47 
13.593 2 1 1 0x0 0.0935 0.0935 1.18 0.62 0.1333 0.1443 -0.6052 0.0268 -0.045977 0.024536 11.46 
13.693 2 1 1 0x0 0.1006 0.1006 0.95 1.02 0.0735 0.1125 -0.5963 0.0264 -0.040568 0.026295 11.46 
13.793 2 1 1 0x0 0.1072 0.1072 0.64 0.56 0.0652 0.1350 -0.5857 0.0260 -0.040568 0.024479 11.47 
13.893 2 1 1 0x0 0.1261 0.1261 1.17 1.35 0.0885 0.1193 -0.5740 0.0255 -0.040568 0.024373 11.45 
13.993 2 1 1 0x0 0.1378 0.1378 0.97 1.16 0.1698 0.1339 -0.5610 0.0250 -0.040568 0.022953 11.47 
14.093 2 1 1 0x0 0.1498 0.1498 1.33 1.39 0.1452 0.1432 -0.5472 0.0244 -0.040568 0.025857 11.45 
14.193 2 1 1 0x0 0.1541 0.1541 0.79 1.37 0.1774 0.1263 -0.5318 0.0237 -0.045977 0.022292 11.46 
14.293 2 1 1 0x0 0.1639 0.1639 0.91 1.32 0.1837 0.1391 -0.5158 0.0230 -0.048682 0.023558 11.46 
14.393 2 1 1 0x0 0.1893 0.1893 0.94 1.73 0.2200 0.1791 -0.4984 0.0222 -0.048682 0.025565 11.44 
14.493 2 1 1 0x0 0.1920 0.1920 1.27 1.38 0.1971 0.2045 -0.4794 0.0213 -0.043273 0.021962 11.45 
14.593 2 1 1 0x0 0.1992 0.1992 1.31 1.36 0.2171 0.1974 -0.4599 0.0205 -0.043273 0.023487 11.44 
14.693 2 1 1 0x0 0.2108 0.2108 1.41 1.28 0.2048 0.2245 -0.4396 0.0196 -0.037864 0.025184 11.46 
14.793 2 1 1 0x0 0.2257 0.2257 1.38 1.47 0.2259 0.2358 -0.4180 0.0188 -0.040568 0.024463 11.45 
14.893 2 1 1 0x0 0.2387 0.2387 1.32 1.28 0.2593 0.2326 -0.3948 0.0179 -0.040568 0.023612 11.45 
14.993 2 1 1 0x0 0.2527 0.2527 1.57 1.22 0.2347 0.2400 -0.3703 0.0170 -0.037864 0.023730 11.45 
15.093 2 1 1 0x0 0.2708 0.2708 1.36 1.66 0.2564 0.2620 -0.3438 0.0160 -0.040568 0.023481 11.44 
15.194 2 1 1 0x0 0.2906 0.2906 1.51 1.77 0.2736 0.2901 -0.3156 0.0148 -0.043273 0.023470 11.45 
15.294 2 1 1 0x0 0.3010 0.3010 1.51 1.75 0.3290 0.2873 -0.2862 0.0136 -0.040568 0.021696 11.43 
15.394 2 1 1 0x0 0.3095 0.3095 1.72 1.48 0.3332 0.2948 -0.2560 0.0124 -0.037864 0.022403 11.45 
15.494 2 1 1 0x0 0.3218 0.3218 1.56 1.59 0.3339 0.3143 -0.2248 0.0113 -0.037864 0.022743 11.43 
15.594 2 1 1 0x0 0.3397 0.3397 1.78 1.66 0.3704 0.3206 -0.1917 0.0101 -0.035159 0.022729 11.44 
15.694 2 1 1 0x0 0.3634 0.3634 1.75 1.92 0.3511 0.3391 -0.1571 0.0088 -0.037864 0.024003 11.43 
15.794 2 1 1 0x0 0.3726 0.3726 1.80 2.05 0.3837 0.3620 -0.1204 0.0074 -0.040568 0.020107 11.42 
15.894 2 1 1 0x0 0.3739 0.3739 1.96 1.64 0.3804 0.3737 -0.0831 0.0059 -0.035159 0.018414 11.43 
15.994 2 1 1 0x0 0.3751 0.3751 1.89 1.64 0.3570 0.3549 -0.0454 0.0046 -0.035159 0.019391 11.43 
16.094 2 1 1 0x0 0.3988 0.3988 1.90 1.66 0.3817 0.3781 -0.0065 0.0033 -0.035159 0.022944 11.44 
16.194 2 1 1 0x0 0.4182 0.4182 1.99 2.06 0.4173 0.4031 0.0339 0.0019 -0.037864 0.021716 11.41 
16.294 2 1 1 0x0 0.4341 0.4341 2.06 1.95 0.4309 0.4092 0.0768 0.0002 -0.037864 0.019358 11.43 
16.394 2 1 1 0x0 0.4235 0.4235 2.13 1.75 0.4106 0.4417 0.1198 -0.0013 -0.032454 0.014650 11.42 
16.494 2 1 1 0x0 0.4314 0.4314 2.14 1.84 0.4322 0.4414 0.1626 -0.0026 -0.029750 0.018422 11.42 
16.594 2 1 1 0x0 0.4461 0.4461 1.88 1.90 0.4580 0.4423 0.2062 -0.0038 -0.027045 0.020033 11.43 
16.693 2 1 1 0x0 0.4612 0.4612 1.94 2.07 0.4587 0.4490 0.2518 -0.0053 -0.035159 0.016999 11.41 
16.793 2 1 1 0x0 0.4669 0.4669 2.10 2.22 0.5016 0.4475 0.2980 -0.0068 -0.035159 0.015092 11.43 
16.893 2 1 1 0x0 0.4530 0.4530 2.01 1.86 0.4513 0.4408 0.3446 -0.0083 -0.029750 0.012278 11.41 
16.993 2 1 1 0x0 0.4601 0.4601 2.35 1.92 0.4513 0.4210 0.3899 -0.0095 -0.027045 0.017901 11.42 
17.093 2 1 1 0x0 0.4746 0.4746 2.27 2.15 0.4680 0.4626 0.4365 -0.0108 -0.027045 0.016954 11.42 
17.193 2 1 1 0x0 0.4650 0.4650 2.04 1.86 0.4990 0.4835 0.4841 -0.0122 -0.029750 0.010267 11.42 
17.293 2 1 1 0x0 0.4541 0.4541 2.16 1.88 0.4228 0.4473 0.5300 -0.0134 -0.024341 0.012495 11.42 
17.393 2 1 1 0x0 0.4562 0.4562 2.12 1.80 0.4333 0.4473 0.5756 -0.0144 -0.021636 0.015215 11.41 
17.493 2 1 1 0x0 0.4728 0.4728 2.02 2.17 0.4880 0.4662 0.6218 -0.0155 -0.027045 0.015714 11.42 
17.593 2 1 1 0x0 0.4602 0.4602 1.85 1.95 0.4693 0.4656 0.6691 -0.0168 -0.024341 0.008223 11.41 
17.693 2 1 1 0x0 0.4513 0.4513 2.05 1.85 0.4556 0.5002 0.7147 -0.0178 -0.021636 0.009319 11.42 
17.793 2 1 1 0x0 0.4503 0.4503 2.27 1.89 0.4430 0.4468 0.7595 -0.0187 -0.018932 0.013825 11.41 
17.893 2 1 1 0x0 0.4586 0.4586 2.03 2.04 0.4953 0.4667 0.8050 -0.0197 -0.024341 0.011678 11.41 
17.993 2 1 1 0x0 0.4529 0.4529 2.04 2.02 0.4388 0.4469 0.8506 -0.0209 -0.027045 0.008994 11.42 
18.093 2 1 1 0x0 0.4286 0.4286 1.87 1.56 0.4374 0.4265 0.8952 -0.0219 -0.021636 0.005729 11.42 
18.193 2 1 1 0x0 0.4344 0.4344 2.30 1.89 0.4094 0.4270 0.9378 -0.0228 -0.021636 0.013179 11.43 
18.293 2 1 1 0x0 0.4333 0.4333 1.84 2.04 0.4577 0.4177 0.9814 -0.0237 -0.024341 0.008998 11.41 
18.393 2 1 1 0x0 0.4397 0.4397 2.21 2.02 0.4153 0.4537 1.0250 -0.0248 -0.027045 0.009861 11.43 
18.492 2 1 1 0x0 0.4111 0.4111 1.93 1.57 0.4207 0.4179 1.0676 -0.0259 -0.021636 0.003177 11.41 
18.592 2 1 1 0x0 0.4010 0.4010 1.86 1.65 0.4035 0.4073 1.1081 -0.0267 -0.021636 0.008143 11.42 
18.692 2 1 1 0x0 0.4007 0.4007 1.75 1.71 0.4139 0.3912 1.1481 -0.0275 -0.018932 0.009615 11.42 
18.792 2 1 1 0x0 0.3961 0.3961 1.75 1.85 0.3957 0.3659 1.1880 -0.0284 -0.027045 0.006315 11.42 
18.892 2 1 1 0x0 0.3765 0.3765 1.58 1.82 0.3806 0.3479 1.2271 -0.0293 -0.024341 0.003025 11.43 
18.992 2 1 1 0x0 0.3547 0.3547 1.53 1.44 0.3642 0.3535 1.2645 -0.0301 -0.018932 0.003772 11.42 
19.092 2 1 1 0x0 0.3464 0.3464 2.01 1.44 0.3275 0.3277 1.2993 -0.0307 -0.013523 0.007824 11.44 
19.192 2 1 1 0x0 0.3515 0.3515 1.56 1.56 0.3868 0.3459 1.3344 -0.0313 -0.016227 0.007080 11.42 
19.292 2 1 1 0x0 0.3370 0.3370 1.56 1.51 0.3221 0.3441 1.3689 -0.0319 -0.021636 0.004559 11.43 
19.392 2 1 1 0x0 0.3322 0.3322 1.72 1.44 0.3153 0.3457 1.4020 -0.0327 -0.024341 0.005262 11.43 
19.492 2 1 1 0x0 0.3111 0.3111 1.73 1.36 0.3064 0.3121 1.4340 -0.0334 -0.018932 0.003466 11.43 
19.592 2 1 1 0x0 0.2981 0.2981 1.58 1.29 0.3024 0.3089 1.4644 -0.0340 -0.018932 0.004934 11.44 
19.692 2 1 1 0x0 0.2944 0.2944 1.67 1.18 0.2800 0.2940 1.4940 -0.0345 -0.018932 0.005595 11.43 
19.792 2 1 1 0x0 0.2811 0.2811 1.44 1.17 0.2798 0.2968 1.5228 -0.0351 -0.018932 0.002721 11.44 
19.892 2 1 1 0x0 0.2739 0.2739 1.26 1.45 0.2826 0.2696 1.5506 -0.0357 -0.027045 0.003811 11.43 
19.992 2 1 1 0x0 0.2613 0.2613 1.49 1.35 0.2439 0.2394 1.5776 -0.0364 -0.024341 0.003618 11.44 
0.006 2 1 0 0x0 -0.2095 -0.2095 -3.50 -3.52 -0.0032 0.0000 -0.0002 -0.0000 0.002705 -0.116159 11.24 
0.106 2 1 0 0x0 -0.3018 -0.3018 -6.08 -7.50 -0.2457 -0.1458 -0.0154 -0.0000 0.010818 0.001095 10.73 
0.206 2 1 0 0x0 0.1131 0.1131 -0.97 -2.77 -0.0747 -0.0995 -0.0296 -0.0005 0.054091 0.096434 11.06 
0.306 2 1 0 0x0 0.2632 0.2632 0.76 0.60 0.3081 0.2684 -0.0152 -0.0001 0.024341 -0.014259 11.19 
0.406 2 1 0 0x0 -0.2046 -0.2046 -3.20 -3.38 -0.0776 -0.1047 -0.0085 0.0001 0.010818 -0.099844 11.04 
0.506 2 1 0 0x0 -0.2339 -0.2339 -1.28 -3.97 -0.2665 -0.1216 -0.0314 -0.0000 0.024341 0.013666 11.12 
0.606 2 1 0 0x0 0.0607 0.0607 -0.09 0.03 0.1307 0.0306 -0.0410 -0.0004 0.016227 0.058173 11.23 
0.706 2 1 0 0x0 -0.0007 -0.0007 -0.58 -0.30 0.0476 0.0475 -0.0361 -0.0004 0.000000 -0.027492 11.25 
0.806 2 1 0 0x0 -0.1695 -0.1695 -2.46 -1.62 -0.1012 -0.1514 -0.0430 -0.0004 0.000000 -0.027233 11.19 
0.906 2 1 0 0x0 -0.0334 -0.0334 -0.54 0.44 -0.0792 -0.0773 -0.0558 -0.0002 -0.018932 0.036592 11.25 
1.006 2 1 0 0x0 -0.0168 -0.0168 -0.76 0.02 -0.0106 -0.0047 -0.0572 -0.0002 -0.010818 0.000008 11.26 
1.106 2 1 0 0x0 -0.1138 -0.1138 -1.35 -1.37 -0.1111 -0.0880 -0.0629 -0.0002 0.005409 -0.015556 11.24 
1.206 2 1 0 0x0 -0.1111 -0.1111 -0.96 -0.74 -0.0951 -0.1313 -0.0750 -0.0003 0.005409 0.006086 11.27 
1.306 2 1 0 0x0 -0.1028 -0.1028 -1.09 -1.10 -0.0504 -0.1009 -0.0856 -0.0003 0.005409 0.006519 11.27 
1.406 2 1 0 0x0 -0.1241 -0.1241 -2.10 -1.06 -0.0728 -0.1203 -0.0963 -0.0004 -0.002705 -0.000212 11.27 
1.506 2 1 0 0x0 -0.1461 -0.1461 -0.72 -1.13 -0.1788 -0.1413 -0.1099 -0.0004 0.000000 -0.000412 11.27 
1.606 2 1 0 0x0 -0.1605 -0.1605 -1.25 -1.26 -0.1524 -0.1368 -0.1253 -0.0003 0.000000 0.002169 11.29 
1.706 2 1 0 0x0 -0.1751 -0.1751 -1.43 -1.32 -0.1451 -0.1704 -0.1420 -0.0003 0.000000 0.003356 11.28 
1.806 2 1 0 0x0 -0.1846 -0.1846 -1.13 -0.85 -0.2020 -0.2065 -0.1604 -0.0003 -0.002705 0.003806 11.28 
1.906 2 1 0 0x0 -0.1722 -0.1722 -1.42 -1.02 -0.1549 -0.1674 -0.1785 -0.0003 -0.005409 0.006125 11.29 
2.006 2 1 0 0x0 -0.1783 -0.1783 -1.20 -1.17 -0.1876 -0.1731 -0.1957 -0.0002 -0.002705 0.002362 11.28 
2.106 2 1 0 0x0 -0.1542 -0.1542 -1.10 -1.26 -0.1515 -0.1519 -0.2122 -0.0002 0.000000 0.006919 11.30 
2.206 2 1 0 0x0 -0.1144 -0.1144 -1.18 -0.84 -0.0880 -0.0863 -0.2262 -0.0002 -0.002705 0.008379 11.30 
2.306 2 1 0 0x0 -0.0884 -0.0884 -1.52 -1.37 -0.1139 -0.1030 -0.2357 -0.0002 0.000000 0.006897 11.28 
2.406 2 1 0 0x0 -0.0577 -0.0577 -1.33 -1.16 -0.0253 -0.0597 -0.2414 -0.0002 -0.005409 -0.000311 11.29 
2.506 2 1 0 0x0 -0.0213 -0.0213 -0.63 -0.76 -0.0142 -0.0107 -0.2444 -0.0001 -0.002705 0.003521 11.31 
2.606 2 1 0 0x0 -0.0343 -0.0343 -0.70 -0.20 -0.0705 -0.0503 -0.2473 -0.0001 -0.008114 -0.001746 11.31 
2.706 2 1 0 0x0 -0.0649 -0.0649 -1.05 -1.35 -0.0650 -0.0228 -0.2519 -0.0001 0.000000 0.000366 11.29 
2.806 2 1 0 0x0 -0.0771 -0.0771 -1.02 -0.59 -0.0742 -0.1239 -0.2588 -0.0001 0.000000 0.003252 11.31 
2.906 2 1 0 0x0 -0.0893 -0.0893 -1.24 -0.56 -0.0890 -0.0766 -0.2669 -0.0001 0.000000 0.004964 11.30 
3.006 2 1 0 0x0 -0.1085 -0.1085 -1.17 -1.47 -0.1176 -0.1201 -0.2761 -0.0001 0.002705 0.004253 11.30 
3.106 2 1 0 0x0 -0.1053 -0.1053 -1.40 -1.52 -0.0593 -0.0528 -0.2862 -0.0002 0.008114 0.006836 11.30 
3.206 2 1 0 0x0 -0.1216 -0.1216 -1.74 -1.25 -0.0447 -0.0794 -0.2978 -0.0003 0.005409 0.006046 11.30 
3.306 2 1 0 0x0 -0.1410 -0.1410 -1.61 -1.12 -0.1602 -0.1405 -0.3111 -0.0003 0.000000 0.006978 11.29 
3.406 2 1 0 0x0 -0.1477 -0.1477 -0.76 -1.16 -0.1374 -0.1457 -0.3255 -0.0004 0.008114 0.006054 11.30 
3.506 2 1 0 0x0 -0.1673 -0.1673 -1.26 -1.22 -0.1874 -0.1488 -0.3410 -0.0004 0.002705 0.005116 11.31 
3.606 2 1 0 0x0 -0.1832 -0.1832 -1.23 -1.09 -0.1982 -0.1811 -0.3584 -0.0005 0.002705 0.006297 11.29 
3.706 2 1 0 0x0 -0.2015 -0.2015 -1.44 -1.32 -0.2048 -0.2020 -0.3771 -0.0005 0.002705 0.005661 11.30 
3.806 2 1 0 0x0 -0.2040 -0.2040 -1.47 -1.25 -0.2039 -0.1959 -0.3973 -0.0006 0.002705 0.009804 11.29 
3.906 2 1 0 0x0 -0.2082 -0.2082 -1.56 -1.36 -0.2041 -0.1950 -0.4178 -0.0006 0.000000 0.008564 11.29 
4.006 2 1 0 0x0 -0.2270 -0.2270 -1.48 -1.35 -0.2133 -0.2230 -0.4399 -0.0007 0.002705 0.006585 11.30 
4.106 2 1 0 0x0 -0.2441 -0.2441 -1.50 -1.41 -0.2299 -0.2391 -0.4635 -0.0007 0.002705 0.007924 11.29 
4.206 2 1 0 0x0 -0.2479 -0.2479 -1.50 -1.36 -0.2544 -0.2335 -0.4882 -0.0007 0.002705 0.011101 11.30 
4.306 2 1 0 0x0 -0.2550 -0.2550 -1.49 -1.47 -0.2738 -0.2857 -0.5134 -0.0007 0.002705 0.010616 11.29 
4.406 2 1 0 0x0 -0.2732 -0.2732 -1.51 -1.46 -0.2703 -0.2650 -0.5395 -0.0007 0.000000 0.007673 11.30 
4.506 2 1 0 0x0 -0.2844 -0.2844 -1.75 -1.57 -0.2616 -0.2821 -0.5671 -0.0008 0.000000 0.010665 11.28 
4.606 2 1 0 0x0 -0.2944 -0.2944 -1.60 -1.29 -0.3074 -0.2937 -0.5961 -0.0008 0.002705 0.011905 11.29 
4.706 2 1 0 0x0 -0.3060 -0.3060 -1.69 -1.52 -0.3132 -0.3208 -0.6261 -0.0008 0.002705 0.012604 11.29 
4.806 2 1 0 0x0 -0.3151 -0.3151 -1.66 -1.51 -0.2874 -0.3150 -0.6572 -0.0009 0.000000 0.012442 11.29 
4.906 2 1 0 0x0 -0.3316 -0.3316 -1.75 -1.47 -0.3278 -0.3283 -0.6892 -0.0009 0.000000 0.012331 11.30 
5.006 2 1 0 0x0 -0.3365 -0.3365 -1.86 -1.55 -0.3073 -0.3537 -0.7227 -0.0010 0.002705 0.014407 11.28 
5.106 2 1 0 0x0 -0.3606 -0.3606 -1.99 -1.69 -0.3897 -0.3562 -0.7570 -0.0010 0.000000 0.012072 11.29 
5.206 2 1 0 0x0 -0.3614 -0.3614 -1.65 -1.49 -0.3533 -0.3612 -0.7931 -0.0010 0.000000 0.017545 11.28 
5.306 2 1 0 0x0 -0.3681 -0.3681 -1.91 -1.70 -0.3638 -0.3776 -0.8298 -0.0011 0.002705 0.017071 11.28 
5.406 2 1 0 0x0 -0.3732 -0.3732 -1.99 -1.78 -0.3676 -0.3622 -0.8669 -0.0012 0.005409 0.017374 11.27 
5.506 2 1 0 0x0 -0.3671 -0.3671 -1.76 -1.50 -0.3463 -0.3683 -0.9042 -0.0014 0.005409 0.019481 11.28 
5.606 2 1 0 0x0 -0.3846 -0.3846 -1.82 -1.61 -0.3694 -0.4276 -0.9418 -0.0016 0.002705 0.016171 11.29 
5.706 2 1 0 0x0 -0.3962 -0.3962 -1.88 -1.73 -0.4085 -0.3967 -0.9803 -0.0017 0.002705 0.019198 11.27 
5.806 2 1 0 0x0 -0.3968 -0.3968 -1.95 -1.64 -0.3969 -0.3945 -1.0201 -0.0019 0.002705 0.020911 11.29 
5.906 2 1 0 0x0 -0.3898 -0.3898 -1.85 -1.62 -0.4176 -0.3807 -1.0594 -0.0020 0.002705 0.022584 11.27 
6.006 2 1 0 0x0 -0.3930 -0.3930 -1.81 -1.59 -0.3982 -0.3780 -1.0985 -0.0022 0.005409 0.020973 11.28 
6.106 2 1 0 0x0 -0.4067 -0.4067 -2.01 -1.58 -0.3947 -0.5336 -1.1383 -0.0023 0.000000 0.019833 11.28 
6.206 2 1 0 0x0 -0.4099 -0.4099 -1.93 -1.77 -0.4046 -0.4131 -1.1793 -0.0024 0.000000 0.024536 11.27 
6.306 2 1 0 0x0 -0.4039 -0.4039 -2.02 -1.71 -0.3894 -0.3950 -1.2198 -0.0024 0.000000 0.025239 11.28 
6.406 2 1 0 0x0 -0.3982 -0.3982 -1.78 -1.63 -0.3969 -0.3902 -1.2602 -0.0025 0.002705 0.025963 11.27 
6.506 2 1 0 0x0 -0.4025 -0.4025 -1.86 -1.74 -0.3742 -0.3989 -1.3004 -0.0026 0.002705 0.023470 11.29 
6.606 2 1 0 0x0 -0.4174 -0.4174 -2.16 -1.80 -0.4008 -0.4239 -1.3409 -0.0027 0.002705 0.023776 11.27 
6.706 2 1 0 0x0 -0.4090 -0.4090 -1.83 -1.65 -0.4119 -0.4335 -1.3819 -0.0028 0.002705 0.028474 11.28 
6.806 2 1 0 0x0 -0.4007 -0.4007 -1.77 -1.58 -0.4017 -0.3997 -1.4227 -0.0028 0.000000 0.029182 11.28 
6.906 2 1 0 0x0 -0.3888 -0.3888 -1.73 -1.57 -0.3926 -0.3555 -1.4622 -0.0029 0.002705 0.029117 11.28 
7.006 2 1 0 0x0 -0.3946 -0.3946 -1.66 -1.62 -0.4121 -0.4042 -1.5018 -0.0029 0.000000 0.028491 11.29 
7.106 2 1 0 0x0 -0.3976 -0.3976 -1.93 -1.66 -0.3826 -0.3830 -1.5413 -0.0028 -0.002705 0.029486 11.27 
7.206 2 1 0 0x0 -0.3887 -0.3887 -1.83 -1.40 -0.3749 -0.4273 -1.5815 -0.0026 -0.002705 0.033145 11.29 
7.306 2 1 0 0x0 -0.3763 -0.3763 -1.73 -1.59 -0.3666 -0.3878 -1.6196 -0.0025 -0.002705 0.032713 11.27 
7.406 2 1 0 0x0 -0.3609 -0.3609 -1.73 -1.51 -0.3653 -0.3566 -1.6566 -0.0024 -0.002705 0.033105 11.29 
7.506 2 1 0 0x0 -0.3528 -0.3528 -1.61 -1.41 -0.3279 -0.3525 -1.6923 -0.0023 -0.002705 0.031659 11.29 
7.606 2 1 0 0x0 -0.3541 -0.3541 -1.56 -1.38 -0.4124 -0.3553 -1.7280 -0.0021 -0.002705 0.033094 11.29 
7.706 2 1 0 0x0 -0.3321 -0.3321 -1.72 -1.57 -0.3163 -0.3130 -1.7620 -0.0020 -0.002705 0.036227 11.29 
7.806 2 1 0 0x0 -0.3255 -0.3255 -1.76 -1.43 -0.3246 -0.3313 -1.7949 -0.0019 -0.002705 0.033706 11.28 
7.906 2 1 0 0x0 -0.3012 -0.3012 -1.43 -1.35 -0.3081 -0.2982 -1.8265 -0.0018 -0.002705 0.037703 11.30 
8.006 2 1 0 0x0 -0.2855 -0.2855 -1.65 -1.20 -0.2777 -0.2840 -1.8557 -0.0017 -0.002705 0.034956 11.28 
8.106 2 1 0 0x0 -0.2735 -0.2735 -1.18 -1.22 -0.2724 -0.2792 -1.8837 -0.0017 0.002705 0.035396 11.30 
8.206 2 1 0 0x0 -0.2546 -0.2546 -1.51 -1.33 -0.2494 -0.2478 -1.9099 -0.0017 0.000000 0.038141 11.29 
8.306 2 1 0 0x0 -0.2358 -0.2358 -1.45 -1.21 -0.2284 -0.2403 -1.9345 -0.0017 -0.002705 0.037771 11.29 
8.406 2 1 0 0x0 -0.2132 -0.2132 -1.25 -1.05 -0.2060 -0.2261 -1.9572 -0.0016 -0.002705 0.038713 11.30 
8.506 2 1 0 0x0 -0.1982 -0.1982 -1.31 -1.00 -0.2060 -0.1964 -1.9779 -0.0016 -0.002705 0.037758 11.30 
8.606 2 1 0 0x0 -0.1732 -0.1732 -1.07 -0.89 -0.1673 -0.1660 -1.9965 -0.0015 -0.002705 0.038442 11.31 
8.706 2 1 0 0x0 -0.1528 -0.1528 -1.17 -0.95 -0.1371 -0.1471 -2.0130 -0.0015 0.000000 0.038563 11.30 
8.806 2 1 0 0x0 -0.1309 -0.1309 -0.66 -1.12 -0.1884 -0.1421 -2.0272 -0.0015 0.000000 0.039711 11.32 
8.906 2 1 0 0x0 -0.1196 -0.1196 -1.08 -0.62 -0.1374 -0.1204 -2.0391 -0.0015 -0.002705 0.035848 11.31 
9.006 2 1 0 0x0 -0.0860 -0.0860 -0.97 -0.58 -0.0895 -0.1085 -2.0497 -0.0015 -0.002705 0.042172 11.31 
9.106 2 1 0 0x0 -0.0616 -0.0616 -0.91 -0.40 -0.0251 -0.0671 -2.0566 -0.0015 -0.002705 0.038280 11.31 
9.206 2 1 0 0x0 -0.0498 -0.0498 -0.69 -0.32 -0.0443 -0.0564 -2.0619 -0.0015 -0.002705 0.037051 11.32 
9.306 2 1 0 0x0 -0.0154 -0.0154 -0.34 -0.37 -0.0357 -0.0345 -2.0653 -0.0015 0.000000 0.041811 11.32 
9.406 2 1 0 0x0 0.0571 0.0571 1.18 1.19 0.0048 0.0051 -2.0653 -0.0015 0.000000 0.047395 11.30 
9.506 2 1 0 0x0 0.0495 0.0495 0.64 0.64 0.0631 0.0362 -2.0609 -0.0014 0.000000 0.031526 11.32 
9.606 2 1 0 0x0 0.0450 0.0450 0.82 0.62 0.0223 0.0426 -2.0568 -0.0014 0.005409 0.034623 11.33 
9.706 2 1 0 0x0 0.0920 0.0920 1.05 0.87 0.1169 0.1477 -2.0511 -0.0014 0.005409 0.043190 11.31 
9.806 2 1 0 0x0 0.0937 0.0937 0.72 1.35 0.0574 0.0394 -2.0420 -0.0014 0.002705 0.037878 11.31 
9.906 2 1 0 0x0 0.1224 0.1224 0.63 1.09 0.1020 0.1142 -2.0306 -0.0013 0.002705 0.037657 11.32 
10.006 2 1 1 0x0 0.1306 0.1306 1.58 0.56 0.0777 0.1504 -2.0176 -0.0012 0.013523 0.034563 11.30 
10.106 2 1 1 0x0 0.1536 0.1536 1.32 1.22 0.1681 0.1344 -2.0036 -0.0011 0.010818 0.039739 11.31 
10.206 2 1 1 0x0 0.1748 0.1748 1.52 1.16 0.1647 0.1678 -1.9878 -0.0009 0.010818 0.041706 11.29 
10.307 2 1 1 0x0 0.1897 0.1897 1.29 1.11 0.1845 0.1779 -1.9696 -0.0007 0.010818 0.039828 11.31 
10.407 2 1 1 0x0 0.2188 0.2188 1.50 1.64 0.2013 0.2036 -1.9495 -0.0005 0.008114 0.042522 11.29 
10.507 2 1 1 0x0 0.2359 0.2359 1.44 1.43 0.2361 0.2409 -1.9268 -0.0003 0.008114 0.040327 11.30 
10.607 2 1 1 0x0 0.2514 0.2514 1.55 1.55 0.2472 0.2370 -1.9024 -0.0001 0.008114 0.040939 11.29 
10.707 2 1 1 0x0 0.2705 0.2705 1.42 1.53 0.2836 0.2881 -1.8761 0.0001 0.008114 0.041241 11.30 
10.807 2 1 1 0x0 0.2986 0.2986 1.56 1.49 0.2984 0.2920 -1.8477 0.0003 0.008114 0.043937 11.30 
10.907 2 1 1 0x0 0.3202 0.3202 1.58 1.52 0.3236 0.3162 -1.8166 0.0006 0.010818 0.042126 11.29 
11.007 2 1 1 0x0 0.3511 0.3511 1.88 1.75 0.3397 0.3359 -1.7832 0.0010 0.013523 0.044036 11.29 
11.107 2 1 1 0x0 0.3830 0.3830 2.03 1.85 0.4066 0.3955 -1.7469 0.0014 0.010818 0.043382 11.27 
11.207 2 1 1 0x0 0.3969 0.3969 2.10 1.99 0.3636 0.4036 -1.7083 0.0017 0.010818 0.042043 11.28 
11.307 2 1 1 0x0 0.4150 0.4150 1.95 1.90 0.4734 0.4144 -1.6680 0.0021 0.008114 0.042421 11.28 
11.407 2 1 1 0x0 0.4389 0.4389 2.01 2.04 0.4227 0.4232 -1.6256 0.0024 0.010818 0.045645 11.27 
11.507 2 1 1 0x0 0.4652 0.4652 2.16 1.88 0.4751 0.4634 -1.5805 0.0029 0.010818 0.043524 11.28 
11.607 2 1 1 0x0 0.4951 0.4951 2.33 2.34 0.5035 0.5034 -1.5329 0.0034 0.008114 0.043675 11.25 
11.707 2 1 1 0x0 0.4897 0.4897 1.95 1.89 0.5041 0.4903 -1.4830 0.0038 0.008114 0.038526 11.28 
11.807 2 1 1 0x0 0.5180 0.5180 2.42 2.11 0.5164 0.4953 -1.4327 0.0042 0.013523 0.044853 11.25 
11.907 2 1 1 0x0 0.5499 0.5499 2.53 2.51 0.5904 0.5327 -1.3795 0.0049 0.013523 0.045071 11.24 
12.007 2 1 1 0x0 0.5684 0.5684 2.61 2.53 0.5488 0.5650 -1.3238 0.0055 0.010818 0.042026 11.25 
12.107 2 1 1 0x0 0.5693 0.5693 2.49 2.25 0.5738 0.5646 -1.2666 0.0061 0.010818 0.039864 11.25 
12.207 2 1 1 0x0 0.5975 0.5975 2.81 2.29 0.5840 0.5816 -1.2086 0.0069 0.016227 0.046341 11.26 
12.307 2 1 1 0x0 0.6332 0.6332 2.92 2.58 0.6306 0.6371 -1.1471 0.0078 0.013523 0.043997 11.22 
12.407 2 1 1 0x0 0.6314 0.6314 2.38 2.43 0.6910 0.6296 -1.0838 0.0085 0.008114 0.037189 11.25 
12.507 2 1 1 0x0 0.6452 0.6452 2.64 2.39 0.6389 0.6408 -1.0203 0.0093 0.016227 0.041901 11.24 
12.607 2 1 1 0x0 0.6801 0.6801 2.90 2.73 0.6867 0.6748 -0.9538 0.0104 0.016227 0.042858 11.23 
12.708 2 1 1 0x0 0.6815 0.6815 2.89 2.74 0.6694 0.6574 -0.8853 0.0113 0.010818 0.037913 11.23 
12.808 2 1 1 0x0 0.7012 0.7012 3.21 2.71 0.6876 0.7073 -0.8169 0.0123 0.018932 0.042868 11.21 
12.908 2 1 1 0x0 0.7263 0.7263 2.91 2.74 0.6930 0.7422 -0.7453 0.0134 0.016227 0.040564 11.24 
13.008 2 1 1 0x0 0.7219 0.7219 2.83 2.86 0.7038 0.7006 -0.6727 0.0144 0.010818 0.035623 11.21 
13.108 2 1 1 0x0 0.7455 0.7455 3.31 3.03 0.7768 0.7447 -0.5997 0.0156 0.021636 0.041397 11.22 
13.208 2 1 1 0x0 0.7491 0.7491 2.87 2.89 0.7404 0.7377 -0.5246 0.0171 0.016227 0.036789 11.22 
13.308 2 1 1 0x0 0.7492 0.7492 2.95 2.58 0.7331 0.7216 -0.4490 0.0183 0.018932 0.035436 11.24 
13.408 2 1 1 0x0 0.7826 0.7826 3.10 3.01 0.7774 0.7865 -0.3721 0.0198 0.016227 0.039970 11.23 
13.508 2 1 1 0x0 0.7777 0.7777 3.08 2.96 0.7599 0.7843 -0.2934 0.0211 0.016227 0.032612 11.22 
13.608 2 1 1 0x0 0.7994 0.7994 3.37 3.02 0.7939 0.7972 -0.2148 0.0226 0.021636 0.039028 11.23 
13.708 2 1 1 0x0 0.7967 0.7967 3.05 2.95 0.8095 0.8004 -0.1340 0.0240 0.016227 0.032334 11.21 
13.808 2 1 1 0x0 0.7975 0.7975 3.30 2.86 0.7994 0.7995 -0.0543 0.0254 0.018932 0.034679 11.23 
13.908 2 1 1 0x0 0.8168 0.8168 3.27 3.02 0.8445 0.8376 0.0272 0.0270 0.013523 0.035042 11.22 
14.008 2 1 1 0x0 0.8111 0.8111 3.23 2.89 0.8196 0.8522 0.1095 0.0282 0.018932 0.030126 11.22 
14.108 2 1 1 0x0 0.8346 0.8346 3.25 3.08 0.8409 0.8453 0.1919 0.0298 0.018932 0.035872 11.22 
14.208 2 1 1 0x0 0.8290 0.8290 3.29 3.10 0.8480 0.8340 0.2760 0.0313 0.016227 0.028562 11.21 
14.308 2 1 1 0x0 0.8380 0.8380 3.71 3.11 0.8474 0.8489 0.3592 0.0327 0.016227 0.033558 11.22 
14.408 2 1 1 0x0 0.8376 0.8376 3.29 3.23 0.8543 0.8288 0.4436 0.0339 0.010818 0.030015 11.21 
14.508 2 1 1 0x0 0.8288 0.8288 3.38 2.84 0.8348 0.8371 0.5273 0.0348 0.013523 0.028719 11.23 
14.608 2 1 1 0x0 0.8486 0.8486 3.23 3.21 0.8507 0.8543 0.6119 0.0358 0.005409 0.031244 11.21 
14.708 2 1 1 0x0 0.8253 0.8253 3.15 2.78 0.8528 0.8381 0.6967 0.0363 0.005409 0.022462 11.24 
14.808 2 1 1 0x0 0.8517 0.8517 3.44 3.26 0.8550 0.8169 0.7805 0.0371 0.008114 0.033629 11.22 
14.908 2 1 1 0x0 0.8318 0.8318 3.23 2.85 0.8430 0.8438 0.8657 0.0373 0.002705 0.023010 11.22 
15.008 2 1 1 0x0 0.8470 0.8470 3.39 3.00 0.8727 0.8121 0.9494 0.0377 0.005409 0.030916 11.23 
15.108 2 1 1 0x0 0.8316 0.8316 3.32 2.90 0.8425 0.8152 1.0346 0.0378 0.000000 0.021945 11.21 
15.209 2 1 1 0x0 0.8318 0.8318 3.33 2.94 0.8659 0.7944 1.1178 0.0382 0.005409 0.026758 11.22 
15.309 2 1 1 0x0 0.8310 0.8310 3.12 2.97 0.8557 0.8250 1.2020 0.0382 -0.002705 0.022747 11.22 
15.409 2 1 1 0x0 0.8134 0.8134 3.26 2.58 0.8150 0.8426 1.2847 0.0381 0.002705 0.020897 11.23 
15.509 2 1 1 0x0 0.8244 0.8244 3.05 3.14 0.7911 0.8213 1.3679 0.0383 -0.002705 0.023513 11.22 
15.609 2 1 1 0x0 0.7972 0.7972 2.99 2.74 0.8014 0.8020 1.4498 0.0379 -0.002705 0.017791 11.22 
15.709 2 1 1 0x0 0.8174 0.8174 3.19 3.10 0.8415 0.8287 1.5308 0.0381 0.000000 0.027608 11.22 
15.809 2 1 1 0x0 0.7727 0.7727 2.71 2.59 0.7771 0.7625 1.6115 0.0380 0.000000 0.014226 11.23 
15.909 2 1 1 0x0 0.8059 0.8059 3.35 2.98 0.8272 0.8146 1.6896 0.0383 0.008114 0.030068 11.23 
16.009 2 1 1 0x0 0.7532 0.7532 2.60 2.60 0.7586 0.7257 1.7689 0.0385 0.000000 0.011017 11.23 
16.109 2 1 1 0x0 0.7722 0.7722 3.23 2.79 0.7608 0.7763 1.8441 0.0387 0.008114 0.026716 11.22 
16.209 2 1 1 0x0 0.7429 0.7429 2.65 2.42 0.7593 0.7410 1.9214 0.0391 0.000000 0.012695 11.23 
16.309 2 1 1 0x0 0.7229 0.7229 2.82 2.54 0.7293 0.7403 1.9950 0.0392 0.002705 0.017044 11.23 
16.409 2 1 1 0x0 0.7471 0.7471 3.06 2.98 0.7424 0.6888 2.0679 0.0397 0.005409 0.025613 11.22 
16.509 2 1 1 0x0 0.6830 0.6830 2.34 2.41 0.6975 0.7215 2.1405 0.0399 0.000000 0.006085 11.24 
16.609 2 1 1 0x0 0.6916 0.6916 2.70 2.48 0.7150 0.6818 2.2082 0.0402 0.010818 0.024113 11.24 
16.708 2 1 1 0x0 0.6860 0.6860 2.62 2.41 0.6733 0.7086 2.2782 0.0408 0.002705 0.015364 11.21 
16.808 2 1 1 0x0 0.6434 0.6434 2.38 2.31 0.6560 0.6414 2.3439 0.0410 0.002705 0.013672 11.24 
16.908 2 1 1 0x0 0.6562 0.6562 2.77 2.32 0.6591 0.6464 2.4080 0.0415 0.008114 0.023755 11.21 
17.008 2 1 1 0x0 0.6082 0.6082 2.22 2.03 0.6329 0.6082 2.4725 0.0419 0.002705 0.007688 11.25 
17.108 2 1 1 0x0 0.5903 0.5903 2.48 1.88 0.6101 0.6143 2.5323 0.0421 0.005409 0.016411 11.25 
17.208 2 1 1 0x0 0.6045 0.6045 2.52 2.03 0.6019 0.5939 2.5920 0.0425 0.005409 0.021117 11.24 
17.308 2 1 1 0x0 0.5700 0.5700 2.06 1.98 0.5821 0.6462 2.6518 0.0427 0.002705 0.008467 11.25 
17.408 2 1 1 0x0 0.5541 0.5541 2.55 2.00 0.4991 0.5542 2.7064 0.0428 0.000000 0.020531 11.23 
17.508 2 1 1 0x0 0.5320 0.5320 2.07 1.99 0.5315 0.5199 2.7615 0.0430 0.000000 0.012994 11.26 
17.608 2 1 1 0x0 0.5378 0.5378 2.27 2.18 0.5357 0.5327 2.8151 0.0432 0.005409 0.018533 11.24 
17.708 2 1 1 0x0 0.4881 0.4881 1.84 1.79 0.4853 0.4876 2.8666 0.0433 0.000000 0.009529 11.27 
17.808 2 1 1 0x0 0.4927 0.4927 2.07 1.91 0.4990 0.5111 2.9163 0.0434 0.002705 0.016393 11.25 
17.908 2 1 1 0x0 0.4747 0.4747 2.25 1.75 0.4969 0.4660 2.9642 0.0436 0.008114 0.016067 11.25 
18.008 2 1 1 0x0 0.4686 0.4686 1.93 1.90 0.4730 0.4649 3.0121 0.0439 0.002705 0.015024 11.26 
18.108 2 1 1 0x0 0.4181 0.4181 1.56 1.47 0.4187 0.4210 3.0569 0.0440 0.000000 0.009105 11.27 
18.208 2 1 1 0x0 0.4385 0.4385 2.02 1.75 0.4476 0.4328 3.0993 0.0442 0.008114 0.023239 11.26 
18.308 2 1 1 0x0 0.4062 0.4062 1.50 1.54 0.4192 0.4195 3.1421 0.0444 0.005409 0.011725 11.26 
18.408 2 1 1 0x0 0.4043 0.4043 1.89 1.77 0.3907 0.3892 3.1825 0.0447 0.002705 0.017935 11.27 
18.507 2 1 1 0x0 0.3715 0.3715 1.49 1.45 0.3845 0.3763 3.2218 0.0448 0.002705 0.012402 11.27 
18.607 2 1 1 0x0 0.3698 0.3698 1.79 1.66 0.3507 0.3487 3.2586 0.0448 0.000000 0.021055 11.27 
18.707 2 1 1 0x0 0.3352 0.3352 1.52 1.39 0.3317 0.3091 3.2941 0.0449 0.002705 0.013300 11.27 
18.807 2 1 1 0x0 0.3549 0.3549 1.65 1.42 0.3552 0.3512 3.3283 0.0452 0.005409 0.023408 11.27 
18.907 2 1 1 0x0 0.3310 0.3310 1.54 1.38 0.3328 0.3266 3.3632 0.0453 0.000000 0.012911 11.28 
19.007 2 1 1 0x0 0.3038 0.3038 1.51 1.32 0.3007 0.3044 3.3951 0.0453 0.002705 0.015064 11.26 
19.107 2 1 1 0x0 0.2960 0.2960 1.56 1.24 0.2809 0.2999 3.4255 0.0453 0.002705 0.019932 11.28 
19.207 2 1 1 0x0 0.2888 0.2888 1.56 1.14 0.2670 0.2902 3.4549 0.0454 0.005409 0.019138 11.27 
19.307 2 1 1 0x0 0.2786 0.2786 1.54 1.15 0.2671 0.2697 3.4833 0.0456 0.005409 0.019900 11.28 
19.407 2 1 1 0x0 0.2665 0.2665 1.54 1.14 0.2634 0.2792 3.5107 0.0458 0.008114 0.018961 11.28 
19.507 2 1 1 0x0 0.2608 0.2608 1.34 1.28 0.2761 0.2668 3.5371 0.0459 0.002705 0.020288 11.28 
19.607 2 1 1 0x0 0.2463 0.2463 1.33 1.21 0.2539 0.2381 3.5623 0.0459 0.002705 0.020176 11.29 
19.707 2 1 1 0x0 0.2288 0.2288 1.11 1.15 0.2274 0.2164 3.5866 0.0460 0.002705 0.020070 11.28 
19.807 2 1 1 0x0 0.2198 0.2198 0.90 1.19 0.2260 0.2201 3.6091 0.0461 0.000000 0.022363 11.30 
19.907 2 1 1 0x0 0.2223 0.2223 1.20 1.11 0.2208 0.2225 3.6313 0.0461 0.002705 0.024034 11.28 
20.007 2 1 2 0x0 0.2104 0.2104 1.25 1.02 0.2117 0.2080 3.6530 0.0462 0.005409 0.021313 11.30 
20.107 2 1 2 0x0 0.2053 0.2053 1.23 1.21 0.2204 0.1980 3.6734 0.0464 0.008114 0.022096 11.28 
20.207 2 1 2 0x0 0.1943 0.1943 1.19 0.95 0.1834 0.1972 3.6935 0.0465 0.005409 0.020870 11.30 
20.306 2 1 2 0x0 0.1958 0.1958 1.14 1.48 0.1853 0.1786 3.7128 0.0467 0.002705 0.022747 11.29 
20.406 2 1 2 0x0 0.1775 0.1775 1.11 1.12 0.1793 0.1747 3.7315 0.0467 0.002705 0.018569 11.29 
20.506 2 1 2 0x0 0.1685 0.1685 1.13 1.14 0.1566 0.1712 3.7491 0.0469 0.005409 0.019865 11.30 
20.606 2 1 2 0x0 0.1572 0.1572 1.02 0.98 0.1598 0.1585 3.7658 0.0469 0.005409 0.019498 11.29 
20.706 2 1 2 0x0 0.1498 0.1498 0.84 0.78 0.1423 0.1525 3.7814 0.0470 0.002705 0.020177 11.31 
20.806 2 1 2 0x0 0.1483 0.1483 0.74 0.73 0.1819 0.1576 3.7964 0.0471 0.002705 0.019815 11.30 
20.906 2 1 2 0x0 0.1355 0.1355 1.18 0.90 0.1003 0.1400 3.8106 0.0471 0.008114 0.017946 11.30 
21.006 2 1 2 0x0 0.1328 0.1328 1.13 0.95 0.1074 0.1372 3.8240 0.0472 0.008114 0.018854 11.30 
21.106 2 1 2 0x0 0.1151 0.1151 0.66 0.86 0.0949 0.1151 3.8368 0.0473 0.005409 0.016612 11.31 
21.206 2 1 2 0x0 0.1145 0.1145 1.54 0.56 0.0845 0.1120 3.8479 0.0474 0.013523 0.019157 11.30 
21.306 2 1 2 0x0 0.1160 0.1160 0.40 0.91 0.1620 0.1307 3.8593 0.0476 0.008114 0.018723 11.31 
21.406 2 1 2 0x0 0.0986 0.0986 1.47 0.81 0.0727 0.0861 3.8698 0.0477 0.013523 0.015535 11.30 
21.506 2 1 2 0x0 0.0907 0.0907 1.27 0.26 0.0301 0.1137 3.8792 0.0478 0.018932 0.017932 11.30 
21.606 2 1 2 0x0 0.0944 0.0944 0.46 0.56 0.0588 0.1294 3.8885 0.0479 0.018932 0.019440 11.31 
21.706 2 1 2 0x0 0.0940 0.0940 0.14 0.67 0.1687 0.1725 3.8970 0.0481 0.018932 0.015925 11.31 
21.806 2 1 2 0x0 0.0621 0.0621 0.97 -0.08 0.0303 0.0619 3.9043 0.0483 0.024341 0.015262 11.31 
21.906 2 1 2 0x0 0.0489 0.0489 0.58 0.69 0.0475 0.0253 3.9098 0.0484 0.016227 0.014744 11.31 
22.006 2 1 2 0x0 0.0383 0.0383 0.21 0.83 0.0901 0.0144 3.9139 0.0485 0.010818 0.016186 11.31 
22.105 2 1 2 0x0 0.0292 0.0292 0.61 0.36 0.0171 0.0801 3.9171 0.0485 0.016227 0.015296 11.31 
22.205 2 1 2 0x0 0.0200 0.0200 0.70 0.85 0.0370 0.0101 3.9189 0.0485 0.008114 0.017626 11.31 
22.305 2 1 2 0x0 -0.0202 -0.0202 -0.27 -0.14 0.0052 0.0069 3.9197 0.0485 0.008114 0.012508 11.32 
22.405 2 1 2 0x0 -0.0523 -0.0523 -1.11 -1.08 -0.0536 -0.0353 3.9175 0.0485 0.005409 0.016337 11.30 
22.505 2 1 2 0x0 -0.0178 -0.0178 -0.72 -0.67 -0.0193 -0.0204 3.9145 0.0485 0.008114 0.025600 11.31 
22.605 2 1 2 0x0 -0.0218 -0.0218 -0.84 -1.21 -0.0316 -0.0169 3.9132 0.0485 0.013523 0.016606 11.30 
22.705 2 1 2 0x0 -0.0351 -0.0351 -1.46 -0.99 -0.0437 -0.0300 3.9106 0.0485 0.000000 0.013084 11.30 
22.805 2 1 2 0x0 -0.0383 -0.0383 -1.06 -1.03 -0.0334 -0.0289 3.9070 0.0484 0.005409 0.014737 11.30 
22.905 2 1 2 0x0 -0.0463 -0.0463 -0.89 -0.83 -0.0570 -0.0515 3.9027 0.0484 0.002705 0.015963 11.31 
23.005 2 1 2 0x0 -0.0550 -0.0550 -0.93 -0.75 -0.0602 -0.0675 3.8970 0.0484 0.002705 0.017382 11.30 
23.105 2 1 2 0x0 -0.0641 -0.0641 -0.98 -0.89 -0.0675 -0.0648 3.8909 0.0484 0.002705 0.017576 11.31 
23.205 2 1 2 0x0 -0.0714 -0.0714 -1.08 -0.95 -0.0626 -0.0681 3.8844 0.0484 0.002705 0.017114 11.31 
23.305 2 1 2 0x0 -0.0699 -0.0699 -0.93 -0.77 -0.0862 -0.0732 3.8771 0.0484 0.002705 0.018292 11.31 
23.405 2 1 2 0x0 -0.0716 -0.0716 -0.89 -0.84 -0.0773 -0.0790 3.8700 0.0483 0.000000 0.018124 11.31 
23.505 2 1 2 0x0 -0.0741 -0.0741 -1.15 -0.79 -0.0745 -0.0731 3.8623 0.0484 0.000000 0.018385 11.30 
23.605 2 1 2 0x0 -0.0807 -0.0807 -1.09 -0.83 -0.0759 -0.0685 3.8548 0.0484 -0.002705 0.016633 11.31 
23.705 2 1 2 0x0 -0.0794 -0.0794 -0.91 -0.85 -0.0702 -0.0790 3.8465 0.0484 0.000000 0.018865 11.31 
23.805 2 1 2 0x0 -0.0809 -0.0809 -0.85 -1.10 -0.0736 -0.0753 3.8388 0.0484 0.000000 0.017620 11.31 
23.904 2 1 2 0x0 -0.0742 -0.0742 -0.99 -0.73 -0.0543 -0.0807 3.8309 0.0483 0.002705 0.018798 11.31 
24.004 2 1 2 0x0 -0.0864 -0.0864 -1.01 -1.00 -0.0977 -0.0731 3.8230 0.0483 0.000000 0.016368 11.30 
24.104 2 1 2 0x0 -0.0866 -0.0866 -0.95 -0.85 -0.0825 -0.0779 3.8144 0.0483 0.000000 0.018520 11.31 
24.204 2 1 2 0x0 -0.0856 -0.0856 -0.95 -1.02 -0.0770 -0.0861 3.8059 0.0483 0.000000 0.019359 11.30 
24.304 2 1 2 0x0 -0.0778 -0.0778 -0.89 -0.18 -0.0822 -0.0665 3.7974 0.0483 0.000000 0.020401 11.30 
24.404 2 1 2 0x0 -0.0815 -0.0815 -0.63 -1.55 -0.0622 -0.0217 3.7893 0.0483 0.010818 0.020277 11.30 
24.504 2 1 2 0x0 -0.1031 -0.1031 -0.57 -0.26 -0.2035 -0.1189 3.7801 0.0483 0.002705 0.016845 11.31 
24.604 2 1 2 0x0 -0.1092 -0.1092 -2.01 -0.73 -0.0239 -0.2179 3.7716 0.0483 -0.002705 0.018772 11.29 
24.704 2 1 2 0x0 -0.0932 -0.0932 -1.11 -1.61 -0.0347 -0.0785 3.7629 0.0483 0.005409 0.022707 11.28 
24.804 2 1 2 0x0 -0.0956 -0.0956 -0.06 -1.41 -0.1758 -0.0337 3.7540 0.0483 0.005409 0.019335 11.30 
24.904 2 1 2 0x0 -0.0997 -0.0997 -1.44 -0.44 -0.1592 -0.0841 3.7448 0.0483 -0.008114 0.019865 11.29 
25.004 2 1 2 0x0 -0.1022 -0.1022 -1.30 -0.03 -0.0914 -0.1159 3.7349 0.0484 -0.005409 0.021101 11.30 
25.104 2 1 2 0x0 -0.1098 -0.1098 -0.79 -0.25 -0.0969 -0.1707 3.7244 0.0484 0.000000 0.018809 11.30 
25.204 2 1 2 0x0 -0.1244 -0.1244 -1.59 -0.57 -0.1060 -0.1668 3.7136 0.0483 0.002705 0.018217 11.30 
25.304 2 1 2 0x0 -0.1401 -0.1401 -0.99 -0.94 -0.2301 -0.1607 3.7014 0.0483 0.002705 0.016548 11.29 
25.404 2 1 2 0x0 -0.1381 -0.1381 -1.10 -1.05 -0.1444 -0.1312 3.6880 0.0483 0.002705 0.020622 11.29 
25.504 2 1 2 0x0 -0.1352 -0.1352 -1.04 -0.69 -0.1129 -0.1489 3.6738 0.0483 -0.002705 0.022930 11.31 
25.604 2 1 2 0x0 -0.1485 -0.1485 -1.17 -1.00 -0.1812 -0.1375 3.6598 0.0483 0.000000 0.019647 11.29 
25.704 2 1 2 0x0 -0.1576 -0.1576 -1.32 -1.30 -0.1707 -0.1763 3.6446 0.0483 0.002705 0.021082 11.30 
25.803 2 1 2 0x0 -0.1535 -0.1535 -0.97 -0.92 -0.1588 -0.1524 3.6294 0.0483 0.000000 0.022023 11.30 
25.903 2 1 2 0x0 -0.1649 -0.1649 -1.30 -0.88 -0.1868 -0.1559 3.6134 0.0483 -0.002705 0.020895 11.29 
26.003 2 1 2 0x0 -0.1643 -0.1643 -1.10 -0.97 -0.1537 -0.1546 3.5969 0.0483 0.000000 0.022721 11.30 
26.103 2 1 2 0x0 -0.1739 -0.1739 -1.28 -1.42 -0.1416 -0.1480 3.5805 0.0483 0.002705 0.020941 11.29 
26.203 2 1 2 0x0 -0.1715 -0.1715 -1.34 -0.99 -0.1854 -0.1603 3.5631 0.0482 -0.002705 0.024448 11.30 
26.303 2 1 2 0x0 -0.1731 -0.1731 -1.37 -1.31 -0.1809 -0.1607 3.5460 0.0483 -0.002705 0.023107 11.28 
26.403 2 1 2 0x0 -0.1726 -0.1726 -1.30 -1.31 -0.1697 -0.1691 3.5288 0.0483 0.000000 0.024109 11.30 
26.503 2 1 2 0x0 -0.1721 -0.1721 -1.30 -1.09 -0.1726 -0.1704 3.5113 0.0483 0.000000 0.024218 11.30 
26.603 2 1 2 0x0 -0.1790 -0.1790 -1.41 -1.15 -0.1702 -0.1689 3.4937 0.0483 -0.002705 0.023768 11.29 
26.703 2 1 2 0x0 -0.1752 -0.1752 -1.27 -1.21 -0.1700 -0.1674 3.4758 0.0484 -0.002705 0.025944 11.29 
26.803 2 1 2 0x0 -0.1668 -0.1668 -1.06 -0.90 -0.1587 -0.1598 3.4584 0.0484 -0.002705 0.025838 11.30 
26.903 2 1 2 0x0 -0.1702 -0.1702 -1.15 -0.88 -0.1848 -0.1796 3.4415 0.0484 0.000000 0.024363 11.30 
27.003 2 1 2 0x0 -0.1734 -0.1734 -1.11 -1.20 -0.1739 -0.1703 3.4245 0.0484 0.000000 0.024026 11.30 
27.103 2 1 2 0x0 -0.1639 -0.1639 -1.04 -0.69 -0.1512 -0.1672 3.4074 0.0484 0.000000 0.026771 11.31 
27.203 2 1 2 0x0 -0.1695 -0.1695 -1.45 -0.91 -0.1408 -0.1888 3.3912 0.0484 0.000000 0.024628 11.29 
27.303 2 1 2 0x0 -0.1510 -0.1510 -1.38 -0.98 -0.1275 -0.1705 3.3754 0.0484 0.000000 0.029399 11.30 
27.403 2 1 2 0x0 -0.1496 -0.1496 -1.63 -0.98 -0.1335 -0.1464 3.3610 0.0485 -0.002705 0.025454 11.29 
27.503 2 1 2 0x0 -0.1422 -0.1422 -1.32 -0.98 -0.1233 -0.1672 3.3464 0.0485 -0.002705 0.025421 11.30 
27.602 2 1 2 0x0 -0.1367 -0.1367 -1.30 -1.11 -0.1169 -0.1181 3.3324 0.0485 0.000000 0.026973 11.30 
27.702 2 1 2 0x0 -0.1304 -0.1304 -1.46 -1.05 -0.0949 -0.1136 3.3188 0.0485 -0.002705 0.027930 11.30 
27.802 2 1 2 0x0 -0.1260 -0.1260 -1.02 -1.20 -0.1311 -0.1051 3.3058 0.0486 -0.002705 0.027869 11.30 
27.902 2 1 2 0x0 -0.1132 -0.1132 -1.37 -0.83 -0.1081 -0.1035 3.2938 0.0486 -0.005409 0.028550 11.30 
28.002 2 1 2 0x0 -0.1123 -0.1123 -1.76 -0.84 -0.1556 -0.1152 3.2831 0.0486 -0.008114 0.027669 11.29 
28.102 2 1 2 0x0 -0.1041 -0.1041 -1.14 -1.43 -0.1445 -0.0446 3.2729 0.0487 -0.008114 0.027359 11.30 
28.202 2 1 2 0x0 -0.0948 -0.0948 -1.56 -1.09 -0.0918 -0.0535 3.2636 0.0488 -0.013523 0.028430 11.29 
28.302 2 1 2 0x0 -0.0871 -0.0871 -1.50 -0.80 -0.0233 -0.0671 3.2551 0.0489 -0.018932 0.026841 11.30 
28.402 2 1 2 0x0 -0.0852 -0.0852 -0.43 -1.07 -0.1170 -0.0817 3.2467 0.0490 -0.016227 0.026860 11.30 
28.502 2 1 2 0x0 -0.0772 -0.0772 0.07 0.19 -0.1386 -0.1198 3.2392 0.0492 -0.018932 0.026510 11.31 
28.602 2 1 2 0x0 -0.0599 -0.0599 -0.97 -0.10 -0.0272 -0.0524 3.2334 0.0493 -0.021636 0.029676 11.31 
28.702 2 1 2 0x0 -0.0624 -0.0624 -0.71 -1.11 -0.0527 -0.0607 3.2275 0.0494 -0.013523 0.028906 11.31 
28.802 2 1 2 0x0 -0.0476 -0.0476 -0.50 -0.23 -0.0508 -0.0849 3.2226 0.0494 -0.018932 0.027509 11.31 
28.902 2 1 2 0x0 -0.0530 -0.0530 -1.17 -0.91 -0.0175 -0.0450 3.2183 0.0495 -0.016227 0.027332 11.31 
29.002 2 1 2 0x0 -0.0390 -0.0390 -0.73 -0.56 -0.0249 -0.0525 3.2141 0.0496 -0.018932 0.028597 11.31 
29.102 2 1 2 0x0 -0.0275 -0.0275 -0.53 -0.54 -0.0548 -0.0487 3.2104 0.0496 -0.018932 0.030416 11.31 
29.202 2 1 2 0x0 -0.0124 -0.0124 -0.56 -0.47 -0.0280 -0.0353 3.2080 0.0497 -0.018932 0.031448 11.32 
29.302 2 1 2 0x0 -0.0119 -0.0119 -0.55 -0.67 -0.0159 -0.0073 3.2070 0.0497 -0.016227 0.027232 11.32 
29.401 2 1 2 0x0 -0.0126 -0.0126 -1.01 -0.91 -0.0043 -0.0242 3.2064 0.0497 -0.018932 0.028554 11.31 
29.501 2 1 2 0x0 0.0259 0.0259 -0.24 0.20 -0.0021 -0.0056 3.2058 0.0497 -0.027045 0.034391 11.32 
29.601 2 1 2 0x0 0.0686 0.0686 1.06 1.13 0.0557 0.0266 3.2084 0.0497 -0.024341 0.030748 11.30 
29.701 2 1 2 0x0 0.0251 0.0251 0.41 0.60 0.0216 0.0123 3.2123 0.0496 -0.027045 0.019543 11.32 
29.801 2 1 2 0x0 0.0295 0.0295 1.03 0.67 0.0053 0.0243 3.2135 0.0496 -0.016227 0.030462 11.31 
29.901 2 1 2 0x0 0.0277 0.0277 0.81 0.55 0.0139 0.0326 3.2167 0.0495 -0.021636 0.026567 11.31 
30.001 8 1 2 0x1 0.0334 0.0334 0.78 0.41 0.0164 0.0538 3.2204 0.0494 -0.016227 0.026457 11.31 
