%% logfile from REGBOT:
%  1    time 0.091 sec, from Mathilde (17)
%  2  3  4  5   (mission 0), state 2, entered (thread 1, line 0), events 0x0 (bit-flags)
%  6  7 Motor velocity ref left, right: -0.1788 -0.1788
%  8  9 Motor voltage [V] left, right: -2.19 -2.04
% 10 11 Wheel velocity [m/s] left, right: -0.1633 -0.2035
% 12 13 14 15 Pose x,y,h,tilt [m,m,rad,rad]: -0.0148072 2.27663e-05 0.00270454 0.00369697
% 16    Battery voltage [V]
0.091 2 1 0 0x0 -0.1788 -0.1788 -2.19 -2.04 -0.1633 -0.2035 -0.0148 0.0000 0.002705 0.003697 11.41 
0.191 2 1 0 0x0 0.0382 0.0382 -0.49 -1.19 -0.0163 -0.0097 -0.0215 -0.0000 0.016227 0.047513 11.46 
0.291 2 1 0 0x0 0.1282 0.1282 0.86 0.16 0.1211 0.1358 -0.0152 0.0001 0.013523 -0.001654 11.47 
0.391 2 1 0 0x0 -0.0680 -0.0680 -1.16 -1.18 -0.0151 -0.0266 -0.0122 0.0001 0.005409 -0.043124 11.46 
0.491 2 1 0 0x0 -0.0430 -0.0430 -0.44 -0.53 -0.0700 -0.0557 -0.0193 0.0001 0.002705 0.015007 11.48 
0.591 2 1 0 0x0 0.0548 0.0548 0.81 0.97 -0.0042 0.0131 -0.0203 0.0001 -0.005409 0.020532 11.48 
0.691 2 1 0 0x0 0.0102 0.0102 0.24 0.47 0.0210 0.0272 -0.0170 0.0001 -0.000000 -0.014059 11.47 
0.791 2 1 0 0x0 -0.0670 -0.0670 -0.83 -1.65 -0.0317 -0.0045 -0.0176 0.0001 0.002705 -0.015030 11.46 
0.891 2 1 0 0x0 -0.0292 -0.0292 -0.95 -0.56 -0.0235 -0.0413 -0.0221 0.0001 -0.008114 0.010612 11.48 
0.991 2 1 0 0x0 0.0310 0.0310 0.38 0.36 -0.0066 -0.0047 -0.0229 0.0001 -0.002705 0.010869 11.48 
1.091 2 1 0 0x0 0.0314 0.0314 0.46 0.27 0.0348 0.0443 -0.0203 0.0001 -0.000000 -0.006813 11.48 
1.191 2 1 0 0x0 -0.0566 -0.0566 -1.05 -1.06 -0.0053 -0.0046 -0.0201 0.0001 -0.002705 -0.017758 11.48 
1.291 2 1 0 0x0 -0.0215 -0.0215 -0.72 -0.36 -0.0190 -0.0260 -0.0241 0.0001 -0.008114 0.014362 11.48 
1.391 2 1 0 0x0 0.0217 0.0217 0.21 -0.23 -0.0082 0.0180 -0.0252 0.0001 -0.000000 0.010826 11.48 
1.491 2 1 0 0x0 0.0464 0.0464 0.79 0.80 0.0235 0.0144 -0.0233 0.0001 -0.008114 -0.001166 11.49 
1.591 2 1 0 0x0 -0.0534 -0.0534 -0.70 -0.99 0.0051 0.0216 -0.0219 0.0001 -0.000000 -0.021940 11.48 
1.691 2 1 0 0x0 -0.0451 -0.0451 -0.54 -0.46 -0.0680 -0.0845 -0.0266 0.0001 -0.002705 0.008411 11.48 
1.791 2 1 0 0x0 0.0183 0.0183 0.34 0.01 -0.0192 -0.0049 -0.0280 0.0001 -0.000000 0.013508 11.49 
1.891 2 1 0 0x0 0.0280 0.0280 0.56 0.72 0.0256 0.0224 -0.0264 0.0001 -0.005409 -0.003487 11.49 
1.991 2 1 0 0x0 -0.0711 -0.0711 -0.96 -1.29 -0.0463 -0.0053 -0.0266 0.0001 0.002705 -0.021369 11.47 
2.091 2 1 0 0x0 -0.0510 -0.0510 -0.71 -0.72 -0.0603 -0.0563 -0.0323 0.0001 -0.002705 0.010670 11.48 
2.191 2 1 0 0x0 -0.0102 -0.0102 -0.50 -0.60 -0.0165 -0.0076 -0.0343 0.0001 -0.002705 0.008852 11.49 
2.291 2 1 0 0x0 -0.0185 -0.0185 -0.89 -0.99 -0.0048 -0.0026 -0.0345 0.0001 -0.000000 -0.003528 11.48 
2.391 2 1 0 0x0 -0.0171 -0.0171 -0.79 -0.80 -0.0100 -0.0174 -0.0363 0.0001 -0.002705 -0.000735 11.48 
2.491 2 1 0 0x0 -0.0180 -0.0180 -1.33 -0.76 -0.0108 -0.0219 -0.0377 0.0001 -0.010818 0.000433 11.47 
2.591 2 1 0 0x0 0.0079 0.0079 -0.31 -0.20 -0.0123 -0.0072 -0.0389 0.0001 -0.005409 0.003642 11.49 
2.691 2 1 0 0x0 0.0260 0.0260 0.48 0.57 -0.0031 0.0027 -0.0387 0.0001 -0.002705 0.001240 11.49 
2.791 2 1 0 0x0 0.0239 0.0239 0.68 0.68 0.0088 0.0057 -0.0373 0.0001 -0.000000 -0.003384 11.48 
2.891 2 1 0 0x0 -0.0189 -0.0189 -0.30 0.14 0.0078 -0.0088 -0.0367 0.0001 -0.008114 -0.007019 11.49 
2.991 2 1 0 0x0 -0.0455 -0.0455 -1.17 -0.94 -0.0168 -0.0129 -0.0379 0.0001 -0.002705 -0.000707 11.48 
3.091 2 1 0 0x0 0.0512 0.0512 0.50 0.79 0.0226 -0.0084 -0.0391 0.0001 -0.002705 0.018574 11.48 
3.191 2 1 0 0x0 0.0432 0.0432 0.51 0.14 0.0679 0.0676 -0.0337 0.0002 0.005409 -0.014413 11.47 
3.291 2 1 0 0x0 -0.0094 -0.0094 0.67 -0.36 -0.0156 0.0125 -0.0316 0.0002 0.010818 -0.012475 11.49 
3.391 2 1 0 0x0 -0.0284 -0.0284 -0.33 -0.95 -0.0051 -0.0214 -0.0323 0.0002 0.002705 0.001787 11.48 
3.491 2 1 0 0x0 0.0431 0.0431 0.85 0.71 -0.0023 0.0141 -0.0329 0.0002 -0.005409 0.015287 11.48 
3.591 2 1 0 0x0 0.0486 0.0486 0.80 0.56 0.0622 0.0383 -0.0284 0.0001 -0.010818 -0.006031 11.49 
3.691 2 1 0 0x0 -0.0358 -0.0358 0.15 -0.60 -0.0220 0.0053 -0.0270 0.0001 -0.013523 -0.016844 11.49 
3.791 2 1 0 0x0 -0.0393 -0.0393 -0.86 -0.56 -0.0364 -0.0485 -0.0300 0.0002 -0.027045 0.007746 11.48 
3.891 2 1 0 0x0 0.0300 0.0300 0.49 0.57 -0.0072 -0.0099 -0.0316 0.0002 -0.027045 0.014439 11.49 
3.991 2 1 0 0x0 0.0143 0.0143 0.02 0.40 0.0524 0.0141 -0.0284 0.0001 -0.032454 -0.011069 11.48 
4.091 2 1 0 0x0 -0.0619 -0.0619 -0.89 -1.45 -0.0318 -0.0054 -0.0286 0.0001 -0.024341 -0.016688 11.46 
4.191 2 1 0 0x0 -0.0303 -0.0303 -0.97 -0.89 -0.0136 -0.0147 -0.0327 0.0003 -0.035159 0.012286 11.48 
4.291 2 1 0 0x0 0.0036 0.0036 -0.18 -0.26 -0.0170 -0.0050 -0.0343 0.0003 -0.029750 0.007474 11.49 
4.391 2 1 0 0x0 0.0175 0.0175 0.42 0.36 -0.0034 -0.0022 -0.0343 0.0003 -0.029750 -0.000144 11.49 
4.491 2 1 0 0x0 -0.0024 -0.0024 0.54 0.46 -0.0019 -0.0014 -0.0343 0.0003 -0.029750 -0.006741 11.49 
4.591 2 1 0 0x0 -0.0673 -0.0673 -1.43 -1.52 -0.0013 -0.0011 -0.0347 0.0003 -0.029750 -0.011247 11.47 
4.691 2 1 0 0x0 -0.0026 -0.0026 -0.27 -0.21 -0.0193 -0.0177 -0.0381 0.0004 -0.032454 0.015403 11.49 
4.791 2 1 0 0x0 0.0601 0.0601 0.96 0.93 0.0553 0.0413 -0.0373 0.0004 -0.032454 0.010492 11.47 
4.891 2 1 0 0x0 -0.0296 -0.0296 -0.36 -0.48 -0.0193 0.0108 -0.0351 0.0003 -0.029750 -0.019482 11.49 
4.991 2 1 0 0x0 -0.0438 -0.0438 -0.62 -0.53 -0.0529 -0.0493 -0.0385 0.0005 -0.032454 0.003515 11.48 
5.091 2 1 0 0x0 -0.0073 -0.0073 -0.73 -0.18 -0.0077 -0.0162 -0.0408 0.0005 -0.045977 0.009760 11.48 
5.191 2 1 0 0x0 0.0224 0.0224 -0.01 0.47 -0.0027 -0.0032 -0.0408 0.0005 -0.045977 0.003652 11.49 
5.291 2 1 0 0x0 0.0251 0.0251 0.38 0.72 0.0102 0.0210 -0.0391 0.0005 -0.040568 -0.005017 11.48 
5.391 2 1 0 0x0 -0.0625 -0.0625 -1.27 -1.02 -0.0030 -0.0503 -0.0391 0.0005 -0.035159 -0.016706 11.47 
5.491 2 1 0 0x0 -0.0329 -0.0329 -0.70 -0.73 -0.0395 -0.0179 -0.0430 0.0006 -0.032454 0.011079 11.49 
5.591 2 1 0 0x0 0.0438 0.0438 0.74 0.88 -0.0074 -0.0049 -0.0442 0.0006 -0.032454 0.014361 11.49 
5.691 2 1 0 0x0 0.0033 0.0033 0.02 -0.14 0.0125 0.0180 -0.0410 0.0005 -0.027045 -0.014423 11.49 
5.791 2 1 0 0x0 -0.0635 -0.0635 -1.81 -1.01 -0.0416 -0.0660 -0.0426 0.0006 -0.032454 -0.010340 11.46 
5.891 2 1 0 0x0 -0.0187 -0.0187 -0.47 -0.69 -0.0398 -0.0193 -0.0460 0.0007 -0.029750 0.008309 11.48 
5.991 2 1 0 0x0 -0.0123 -0.0123 -0.66 -0.53 -0.0079 -0.0059 -0.0468 0.0007 -0.029750 0.000738 11.48 
6.091 2 1 0 0x0 -0.0424 -0.0424 -1.40 -1.60 -0.0111 -0.0027 -0.0477 0.0007 -0.024341 -0.006667 11.46 
6.191 2 1 0 0x0 -0.0130 -0.0130 -0.60 -0.57 -0.0158 -0.0131 -0.0509 0.0008 -0.029750 0.005126 11.49 
6.291 2 1 0 0x0 -0.0351 -0.0351 -1.63 -1.08 -0.0144 -0.0408 -0.0523 0.0009 -0.037864 -0.004072 11.46 
6.391 2 1 0 0x0 -0.0355 -0.0355 -1.29 -0.99 -0.0087 -0.0089 -0.0550 0.0010 -0.035159 -0.002645 11.46 
6.491 2 1 0 0x0 -0.0305 -0.0305 -0.87 -0.83 -0.0198 -0.0116 -0.0580 0.0011 -0.032454 0.001472 11.48 
6.591 2 1 0 0x0 -0.0187 -0.0187 -0.49 -0.33 -0.0397 -0.0275 -0.0612 0.0012 -0.032454 0.005964 11.48 
6.691 2 1 0 0x0 -0.0202 -0.0202 -0.44 -0.47 -0.0566 -0.0187 -0.0641 0.0013 -0.027045 0.003692 11.48 
6.791 2 1 0 0x0 -0.0403 -0.0403 -0.65 -0.69 -0.0521 -0.0770 -0.0677 0.0014 -0.027045 0.001217 11.47 
6.891 2 1 0 0x0 -0.0518 -0.0518 -1.12 -0.27 -0.0605 -0.0483 -0.0716 0.0015 -0.029750 0.000530 11.47 
6.991 2 1 0 0x0 -0.0626 -0.0626 -1.20 -1.17 -0.0593 -0.0223 -0.0760 0.0016 -0.024341 -0.000963 11.47 
7.091 2 1 0 0x0 -0.0574 -0.0574 -0.95 -0.43 -0.0613 -0.0933 -0.0819 0.0017 -0.021636 0.002056 11.47 
7.191 2 1 0 0x0 -0.0683 -0.0683 -1.32 -1.10 -0.0392 -0.0414 -0.0870 0.0018 -0.018932 -0.001570 11.47 
7.291 2 1 0 0x0 -0.0694 -0.0694 -1.14 -0.94 -0.0598 -0.0639 -0.0937 0.0019 -0.016227 0.001338 11.47 
7.391 2 1 0 0x0 -0.0763 -0.0763 -0.90 -1.24 -0.0938 -0.0591 -0.1004 0.0020 -0.013523 0.000035 11.47 
7.491 2 1 0 0x0 -0.0786 -0.0786 -1.07 -1.04 -0.0488 -0.0894 -0.1083 0.0021 -0.010818 0.001906 11.46 
7.591 2 1 0 0x0 -0.0841 -0.0841 -0.77 -1.09 -0.0954 -0.0800 -0.1162 0.0022 -0.013523 0.001193 11.47 
7.691 2 1 0 0x0 -0.0866 -0.0866 -0.82 -1.07 -0.0599 -0.0907 -0.1249 0.0024 -0.016227 0.001975 11.47 
7.791 2 1 0 0x0 -0.1047 -0.1047 -0.06 -1.26 -0.1915 -0.0873 -0.1345 0.0026 -0.018932 0.001336 11.46 
7.891 2 1 0 0x0 -0.1112 -0.1112 -1.11 -1.15 -0.1864 -0.0958 -0.1442 0.0028 -0.029750 0.002323 11.46 
7.991 2 1 0 0x0 -0.1077 -0.1077 -1.02 -1.08 -0.0788 -0.1060 -0.1553 0.0031 -0.027045 0.002536 11.46 
8.091 2 1 0 0x0 -0.1126 -0.1126 -1.68 -1.03 -0.0369 -0.1295 -0.1661 0.0034 -0.035159 0.002086 11.47 
8.191 2 1 0 0x0 -0.1190 -0.1190 -2.02 -0.96 -0.0658 -0.1190 -0.1774 0.0039 -0.040568 0.002319 11.44 
8.291 2 1 0 0x0 -0.1165 -0.1165 -1.24 -0.87 -0.0875 -0.1156 -0.1896 0.0044 -0.040568 0.003536 11.47 
8.391 2 1 0 0x0 -0.1204 -0.1204 -0.54 -1.25 -0.2369 -0.1139 -0.2013 0.0048 -0.040568 0.004058 11.46 
8.491 2 1 0 0x0 -0.1154 -0.1154 -0.92 -0.76 -0.1085 -0.1292 -0.2127 0.0053 -0.045977 0.001257 11.47 
8.591 2 1 0 0x0 -0.1221 -0.1221 -0.70 -1.23 -0.1875 -0.1223 -0.2245 0.0059 -0.040568 0.003330 11.46 
8.691 2 1 0 0x0 -0.1196 -0.1196 -1.09 -0.83 -0.1709 -0.1018 -0.2364 0.0064 -0.043273 0.004054 11.46 
8.791 2 1 0 0x0 -0.1197 -0.1197 -1.05 -1.08 -0.0665 -0.1109 -0.2482 0.0069 -0.048682 0.002975 11.47 
8.891 2 1 0 0x0 -0.1334 -0.1334 -0.80 -1.41 -0.1801 -0.1379 -0.2611 0.0076 -0.048682 0.003747 11.46 
8.991 2 1 0 0x0 -0.1303 -0.1303 -0.79 -0.73 -0.1129 -0.1630 -0.2741 0.0082 -0.048682 0.004535 11.47 
9.091 2 1 0 0x0 -0.1370 -0.1370 -1.06 -1.13 -0.1386 -0.1368 -0.2875 0.0088 -0.048682 0.003945 11.46 
9.191 2 1 0 0x0 -0.1371 -0.1371 -1.25 -1.29 -0.1020 -0.1351 -0.3010 0.0095 -0.045977 0.005457 11.46 
9.291 2 1 0 0x0 -0.1401 -0.1401 -0.96 -1.23 -0.1600 -0.1404 -0.3152 0.0101 -0.045977 0.005047 11.46 
9.391 2 1 0 0x0 -0.1453 -0.1453 -1.15 -1.23 -0.1242 -0.1399 -0.3294 0.0108 -0.045977 0.004112 11.46 
9.491 2 1 0 0x0 -0.1497 -0.1497 -0.96 -1.43 -0.1494 -0.1555 -0.3442 0.0115 -0.043273 0.006520 11.46 
9.591 2 1 0 0x0 -0.1417 -0.1417 -1.50 -0.88 -0.1192 -0.1405 -0.3588 0.0122 -0.054091 0.006971 11.45 
9.691 2 1 0 0x0 -0.1397 -0.1397 -1.50 -1.10 -0.0905 -0.1237 -0.3730 0.0129 -0.054091 0.007033 11.46 
9.791 2 1 0 0x0 -0.1394 -0.1394 -1.03 -1.23 -0.1562 -0.1456 -0.3869 0.0137 -0.051386 0.006466 11.45 
9.891 2 1 0 0x0 -0.1347 -0.1347 -0.58 -0.85 -0.1677 -0.1444 -0.4009 0.0144 -0.054091 0.005910 11.46 
9.991 2 1 0 0x0 -0.1298 -0.1298 -1.28 -0.79 -0.1056 -0.1164 -0.4143 0.0151 -0.054091 0.007274 11.47 
10.091 2 1 1 0x0 -0.1327 -0.1327 -1.34 -0.83 -0.1076 -0.1402 -0.4277 0.0158 -0.054091 0.007298 11.46 
10.191 2 1 1 0x0 -0.1307 -0.1307 -1.83 -1.11 -0.0986 -0.1304 -0.4408 0.0166 -0.056795 0.009370 11.46 
10.292 2 1 1 0x0 -0.1310 -0.1310 -1.26 -1.20 -0.0996 -0.1149 -0.4540 0.0173 -0.054091 0.008786 11.45 
10.392 2 1 1 0x0 -0.1348 -0.1348 -1.31 -1.00 -0.1515 -0.1239 -0.4671 0.0180 -0.056795 0.009131 11.46 
10.492 2 1 1 0x0 -0.1306 -0.1306 -0.92 -1.62 -0.1185 -0.1147 -0.4801 0.0187 -0.051386 0.010387 11.45 
10.592 2 1 1 0x0 -0.1330 -0.1330 -1.17 -1.06 -0.1501 -0.1532 -0.4931 0.0194 -0.051386 0.011732 11.46 
10.692 2 1 1 0x0 -0.1258 -0.1258 -1.04 -1.06 -0.1083 -0.1085 -0.5056 0.0200 -0.051386 0.010928 11.46 
10.792 2 1 1 0x0 -0.1204 -0.1204 -0.88 -1.36 -0.0918 -0.0914 -0.5184 0.0207 -0.048682 0.013636 11.46 
10.892 2 1 1 0x0 -0.1178 -0.1178 -1.09 -0.98 -0.0816 -0.1432 -0.5308 0.0213 -0.051386 0.014084 11.47 
10.992 2 1 1 0x0 -0.1119 -0.1119 -0.84 -0.68 -0.0954 -0.1199 -0.5429 0.0220 -0.056795 0.013751 11.46 
11.092 2 1 1 0x0 -0.1050 -0.1050 -1.64 -1.23 -0.0343 -0.0847 -0.5538 0.0226 -0.062204 0.016139 11.45 
11.192 2 1 1 0x0 -0.1134 -0.1134 -1.58 -0.99 -0.1169 -0.1061 -0.5648 0.0233 -0.062204 0.012501 11.44 
11.292 2 1 1 0x0 -0.1059 -0.1059 -0.58 -0.93 -0.1994 -0.0909 -0.5757 0.0240 -0.062204 0.015422 11.47 
11.392 2 1 1 0x0 -0.1112 -0.1112 -0.35 -1.24 -0.2084 -0.1112 -0.5854 0.0246 -0.067613 0.013120 11.46 
11.492 2 1 1 0x0 -0.0862 -0.0862 -0.59 -1.41 -0.1542 -0.0387 -0.5941 0.0252 -0.070318 0.018657 11.45 
11.592 2 1 1 0x0 -0.0835 -0.0835 -1.27 -0.42 -0.1266 -0.1105 -0.6026 0.0259 -0.075727 0.015611 11.46 
11.692 2 1 1 0x0 -0.0689 -0.0689 -0.82 -0.57 -0.1117 -0.0457 -0.6099 0.0264 -0.075727 0.017507 11.46 
11.792 2 1 1 0x0 -0.0677 -0.0677 -1.10 -0.81 -0.0509 -0.0295 -0.6162 0.0269 -0.078432 0.016055 11.47 
11.892 2 1 1 0x0 -0.0632 -0.0632 -1.05 -0.96 -0.0478 -0.0323 -0.6226 0.0274 -0.073023 0.019094 11.46 
11.992 2 1 1 0x0 -0.0541 -0.0541 -0.95 -0.66 -0.0544 -0.0276 -0.6283 0.0278 -0.073023 0.018414 11.47 
12.092 2 1 1 0x0 -0.0388 -0.0388 -0.80 -0.84 -0.0369 -0.0147 -0.6330 0.0282 -0.064909 0.021523 11.47 
12.192 2 1 1 0x0 -0.0429 -0.0429 -0.72 -0.71 -0.0656 -0.0437 -0.6374 0.0285 -0.064909 0.017804 11.47 
12.292 2 1 1 0x0 -0.0420 -0.0420 -1.01 -0.99 -0.0296 -0.0260 -0.6411 0.0287 -0.064909 0.018394 11.47 
12.392 2 1 1 0x0 -0.0290 -0.0290 -0.91 -0.76 -0.0171 -0.0213 -0.6441 0.0289 -0.062204 0.020423 11.46 
12.492 2 1 1 0x0 -0.0062 -0.0062 -0.96 -0.48 -0.0187 -0.0108 -0.6455 0.0290 -0.070318 0.022708 11.47 
12.592 2 1 1 0x0 0.0130 0.0130 -0.10 0.03 -0.0071 -0.0046 -0.6463 0.0290 -0.064909 0.021965 11.48 
12.692 2 1 1 0x0 0.0352 0.0352 1.01 0.94 -0.0026 0.0098 -0.6459 0.0290 -0.059500 0.021782 11.46 
12.793 2 1 1 0x0 0.0079 0.0079 0.28 0.35 0.0159 0.0336 -0.6437 0.0289 -0.062204 0.012287 11.47 
12.893 2 1 1 0x0 0.0205 0.0205 0.80 0.80 0.0032 0.0065 -0.6433 0.0288 -0.056795 0.024350 11.47 
12.993 2 1 1 0x0 0.0230 0.0230 0.35 0.46 0.0500 0.0501 -0.6400 0.0287 -0.056795 0.019678 11.48 
13.093 2 1 1 0x0 0.0271 0.0271 0.33 0.29 0.0662 0.0556 -0.6362 0.0285 -0.054091 0.017779 11.48 
13.193 2 1 1 0x0 0.0519 0.0519 1.29 0.87 0.0175 0.0270 -0.6327 0.0283 -0.051386 0.022887 11.46 
13.293 2 1 1 0x0 0.0620 0.0620 0.68 0.91 0.0494 0.0440 -0.6267 0.0279 -0.051386 0.023951 11.48 
13.393 2 1 1 0x0 0.0677 0.0677 0.85 1.04 0.0366 0.0685 -0.6204 0.0276 -0.054091 0.022070 11.47 
13.493 2 1 1 0x0 0.0748 0.0748 0.58 1.00 0.0999 0.0744 -0.6131 0.0272 -0.054091 0.023396 11.47 
13.593 2 1 1 0x0 0.0935 0.0935 1.18 0.62 0.1333 0.1443 -0.6052 0.0268 -0.045977 0.024536 11.46 
13.693 2 1 1 0x0 0.1006 0.1006 0.95 1.02 0.0735 0.1125 -0.5963 0.0264 -0.040568 0.026295 11.46 
13.793 2 1 1 0x0 0.1072 0.1072 0.64 0.56 0.0652 0.1350 -0.5857 0.0260 -0.040568 0.024479 11.47 
13.893 2 1 1 0x0 0.1261 0.1261 1.17 1.35 0.0885 0.1193 -0.5740 0.0255 -0.040568 0.024373 11.45 
13.993 2 1 1 0x0 0.1378 0.1378 0.97 1.16 0.1698 0.1339 -0.5610 0.0250 -0.040568 0.022953 11.47 
14.093 2 1 1 0x0 0.1498 0.1498 1.33 1.39 0.1452 0.1432 -0.5472 0.0244 -0.040568 0.025857 11.45 
14.193 2 1 1 0x0 0.1541 0.1541 0.79 1.37 0.1774 0.1263 -0.5318 0.0237 -0.045977 0.022292 11.46 
14.293 2 1 1 0x0 0.1639 0.1639 0.91 1.32 0.1837 0.1391 -0.5158 0.0230 -0.048682 0.023558 11.46 
14.393 2 1 1 0x0 0.1893 0.1893 0.94 1.73 0.2200 0.1791 -0.4984 0.0222 -0.048682 0.025565 11.44 
14.493 2 1 1 0x0 0.1920 0.1920 1.27 1.38 0.1971 0.2045 -0.4794 0.0213 -0.043273 0.021962 11.45 
14.593 2 1 1 0x0 0.1992 0.1992 1.31 1.36 0.2171 0.1974 -0.4599 0.0205 -0.043273 0.023487 11.44 
14.693 2 1 1 0x0 0.2108 0.2108 1.41 1.28 0.2048 0.2245 -0.4396 0.0196 -0.037864 0.025184 11.46 
14.793 2 1 1 0x0 0.2257 0.2257 1.38 1.47 0.2259 0.2358 -0.4180 0.0188 -0.040568 0.024463 11.45 
14.893 2 1 1 0x0 0.2387 0.2387 1.32 1.28 0.2593 0.2326 -0.3948 0.0179 -0.040568 0.023612 11.45 
14.993 2 1 1 0x0 0.2527 0.2527 1.57 1.22 0.2347 0.2400 -0.3703 0.0170 -0.037864 0.023730 11.45 
15.093 2 1 1 0x0 0.2708 0.2708 1.36 1.66 0.2564 0.2620 -0.3438 0.0160 -0.040568 0.023481 11.44 
15.194 2 1 1 0x0 0.2906 0.2906 1.51 1.77 0.2736 0.2901 -0.3156 0.0148 -0.043273 0.023470 11.45 
15.294 2 1 1 0x0 0.3010 0.3010 1.51 1.75 0.3290 0.2873 -0.2862 0.0136 -0.040568 0.021696 11.43 
15.394 2 1 1 0x0 0.3095 0.3095 1.72 1.48 0.3332 0.2948 -0.2560 0.0124 -0.037864 0.022403 11.45 
15.494 2 1 1 0x0 0.3218 0.3218 1.56 1.59 0.3339 0.3143 -0.2248 0.0113 -0.037864 0.022743 11.43 
15.594 2 1 1 0x0 0.3397 0.3397 1.78 1.66 0.3704 0.3206 -0.1917 0.0101 -0.035159 0.022729 11.44 
15.694 2 1 1 0x0 0.3634 0.3634 1.75 1.92 0.3511 0.3391 -0.1571 0.0088 -0.037864 0.024003 11.43 
15.794 2 1 1 0x0 0.3726 0.3726 1.80 2.05 0.3837 0.3620 -0.1204 0.0074 -0.040568 0.020107 11.42 
15.894 2 1 1 0x0 0.3739 0.3739 1.96 1.64 0.3804 0.3737 -0.0831 0.0059 -0.035159 0.018414 11.43 
15.994 2 1 1 0x0 0.3751 0.3751 1.89 1.64 0.3570 0.3549 -0.0454 0.0046 -0.035159 0.019391 11.43 
16.094 2 1 1 0x0 0.3988 0.3988 1.90 1.66 0.3817 0.3781 -0.0065 0.0033 -0.035159 0.022944 11.44 
16.194 2 1 1 0x0 0.4182 0.4182 1.99 2.06 0.4173 0.4031 0.0339 0.0019 -0.037864 0.021716 11.41 
16.294 2 1 1 0x0 0.4341 0.4341 2.06 1.95 0.4309 0.4092 0.0768 0.0002 -0.037864 0.019358 11.43 
16.394 2 1 1 0x0 0.4235 0.4235 2.13 1.75 0.4106 0.4417 0.1198 -0.0013 -0.032454 0.014650 11.42 
16.494 2 1 1 0x0 0.4314 0.4314 2.14 1.84 0.4322 0.4414 0.1626 -0.0026 -0.029750 0.018422 11.42 
16.594 2 1 1 0x0 0.4461 0.4461 1.88 1.90 0.4580 0.4423 0.2062 -0.0038 -0.027045 0.020033 11.43 
16.693 2 1 1 0x0 0.4612 0.4612 1.94 2.07 0.4587 0.4490 0.2518 -0.0053 -0.035159 0.016999 11.41 
16.793 2 1 1 0x0 0.4669 0.4669 2.10 2.22 0.5016 0.4475 0.2980 -0.0068 -0.035159 0.015092 11.43 
16.893 2 1 1 0x0 0.4530 0.4530 2.01 1.86 0.4513 0.4408 0.3446 -0.0083 -0.029750 0.012278 11.41 
16.993 2 1 1 0x0 0.4601 0.4601 2.35 1.92 0.4513 0.4210 0.3899 -0.0095 -0.027045 0.017901 11.42 
17.093 2 1 1 0x0 0.4746 0.4746 2.27 2.15 0.4680 0.4626 0.4365 -0.0108 -0.027045 0.016954 11.42 
17.193 2 1 1 0x0 0.4650 0.4650 2.04 1.86 0.4990 0.4835 0.4841 -0.0122 -0.029750 0.010267 11.42 
17.293 2 1 1 0x0 0.4541 0.4541 2.16 1.88 0.4228 0.4473 0.5300 -0.0134 -0.024341 0.012495 11.42 
17.393 2 1 1 0x0 0.4562 0.4562 2.12 1.80 0.4333 0.4473 0.5756 -0.0144 -0.021636 0.015215 11.41 
17.493 2 1 1 0x0 0.4728 0.4728 2.02 2.17 0.4880 0.4662 0.6218 -0.0155 -0.027045 0.015714 11.42 
17.593 2 1 1 0x0 0.4602 0.4602 1.85 1.95 0.4693 0.4656 0.6691 -0.0168 -0.024341 0.008223 11.41 
17.693 2 1 1 0x0 0.4513 0.4513 2.05 1.85 0.4556 0.5002 0.7147 -0.0178 -0.021636 0.009319 11.42 
17.793 2 1 1 0x0 0.4503 0.4503 2.27 1.89 0.4430 0.4468 0.7595 -0.0187 -0.018932 0.013825 11.41 
17.893 2 1 1 0x0 0.4586 0.4586 2.03 2.04 0.4953 0.4667 0.8050 -0.0197 -0.024341 0.011678 11.41 
17.993 2 1 1 0x0 0.4529 0.4529 2.04 2.02 0.4388 0.4469 0.8506 -0.0209 -0.027045 0.008994 11.42 
18.093 2 1 1 0x0 0.4286 0.4286 1.87 1.56 0.4374 0.4265 0.8952 -0.0219 -0.021636 0.005729 11.42 
18.193 2 1 1 0x0 0.4344 0.4344 2.30 1.89 0.4094 0.4270 0.9378 -0.0228 -0.021636 0.013179 11.43 
18.293 2 1 1 0x0 0.4333 0.4333 1.84 2.04 0.4577 0.4177 0.9814 -0.0237 -0.024341 0.008998 11.41 
18.393 2 1 1 0x0 0.4397 0.4397 2.21 2.02 0.4153 0.4537 1.0250 -0.0248 -0.027045 0.009861 11.43 
18.492 2 1 1 0x0 0.4111 0.4111 1.93 1.57 0.4207 0.4179 1.0676 -0.0259 -0.021636 0.003177 11.41 
18.592 2 1 1 0x0 0.4010 0.4010 1.86 1.65 0.4035 0.4073 1.1081 -0.0267 -0.021636 0.008143 11.42 
18.692 2 1 1 0x0 0.4007 0.4007 1.75 1.71 0.4139 0.3912 1.1481 -0.0275 -0.018932 0.009615 11.42 
18.792 2 1 1 0x0 0.3961 0.3961 1.75 1.85 0.3957 0.3659 1.1880 -0.0284 -0.027045 0.006315 11.42 
18.892 2 1 1 0x0 0.3765 0.3765 1.58 1.82 0.3806 0.3479 1.2271 -0.0293 -0.024341 0.003025 11.43 
18.992 2 1 1 0x0 0.3547 0.3547 1.53 1.44 0.3642 0.3535 1.2645 -0.0301 -0.018932 0.003772 11.42 
19.092 2 1 1 0x0 0.3464 0.3464 2.01 1.44 0.3275 0.3277 1.2993 -0.0307 -0.013523 0.007824 11.44 
19.192 2 1 1 0x0 0.3515 0.3515 1.56 1.56 0.3868 0.3459 1.3344 -0.0313 -0.016227 0.007080 11.42 
19.292 2 1 1 0x0 0.3370 0.3370 1.56 1.51 0.3221 0.3441 1.3689 -0.0319 -0.021636 0.004559 11.43 
19.392 2 1 1 0x0 0.3322 0.3322 1.72 1.44 0.3153 0.3457 1.4020 -0.0327 -0.024341 0.005262 11.43 
19.492 2 1 1 0x0 0.3111 0.3111 1.73 1.36 0.3064 0.3121 1.4340 -0.0334 -0.018932 0.003466 11.43 
19.592 2 1 1 0x0 0.2981 0.2981 1.58 1.29 0.3024 0.3089 1.4644 -0.0340 -0.018932 0.004934 11.44 
19.692 2 1 1 0x0 0.2944 0.2944 1.67 1.18 0.2800 0.2940 1.4940 -0.0345 -0.018932 0.005595 11.43 
19.792 2 1 1 0x0 0.2811 0.2811 1.44 1.17 0.2798 0.2968 1.5228 -0.0351 -0.018932 0.002721 11.44 
19.892 2 1 1 0x0 0.2739 0.2739 1.26 1.45 0.2826 0.2696 1.5506 -0.0357 -0.027045 0.003811 11.43 
19.992 2 1 1 0x0 0.2613 0.2613 1.49 1.35 0.2439 0.2394 1.5776 -0.0364 -0.024341 0.003618 11.44 
